
       68.000000        328.30000        8.7400000        41.000000 
       62.000000        626.38000        402.48000        60.000000 
       73.000000        99.610000        3.0700000        55.000000 
       69.000000        319.69000        26.280000        64.000000 
       75.000000        159.22000        60.050000        66.000000 
       69.000000        570.16000        21.390000        46.000000 
       59.000000        696.75000        193.91000        58.000000 
       71.000000        638.69000        7.7000000        49.000000 
       76.000000        616.94000        19.250000        71.000000 
       73.000000        351.69000        50.530000        64.000000 
       68.000000        269.89000        14.710000        53.000000 
       71.000000        269.51000        95.570000        58.000000 
       52.000000        1440.6400        1089.5700        49.000000 
       79.000000        252.34000        69.560000        54.000000 
       50.000000        1470.6700        1548.1900        54.000000 
       64.000000        140.49000        100.96000        56.000000 
       72.000000        191.33000        15.450000        65.000000 
       68.000000        398.60000        15.240000        54.000000 
       60.000000        460.62000        382.11000        53.000000 
       67.000000        457.41000        20.610000        49.000000 
       63.000000        227.10000        149.89000        50.000000 
       54.000000        532.90000        218.70000        47.000000 
       64.000000        122.84000        13.560000        68.000000 
       67.000000        1110.1300        47.750000        68.000000 
       64.000000        494.49000        11.890000        65.000000 
       70.000000        217.50000        26.040000        61.000000 
       63.000000        721.65000        85.100000        50.000000 
       78.000000        482.79000        17.940000        46.000000 
       75.000000        183.23000       0.93000000        67.000000 
       63.000000        636.20000        489.30000        57.000000 
       64.000000        727.92000        246.90000        49.000000 
       72.000000        372.68000        44.410000        57.000000 
       66.000000        399.37000        128.85000        53.000000 
       68.000000        371.75000        184.71000        43.000000 
       67.000000        210.94000        23.910000        27.000000 
       50.000000        313.42000        1069.7000        36.000000 
       54.000000        408.29000        503.65000        61.000000 
       55.000000        971.88000        777.99000        47.000000 
       72.000000        337.60000        4.9100000        41.000000 
       67.000000        337.05000        40.460000        39.000000 
       60.000000        516.74000        696.30000        41.000000 
       78.000000        101.54000        6.0500000        68.000000 
       59.000000        838.71000        358.35000        67.000000 
       65.000000        382.28000        60.690000        29.000000 
       63.000000        405.04000        64.400000        29.000000 
       64.000000        193.12000        6.7600000        35.000000 
       63.000000        502.08000        206.96000        33.000000 
       50.000000        359.94000        348.34000        44.000000 
       61.000000        165.14000        48.940000        48.000000 
       74.000000        281.23000        26.560000        68.000000 
       66.000000        122.90000        28.320000        61.000000 
       65.000000        239.16000        41.260000        46.000000 
       65.000000        471.23000        124.13000        53.000000 
       64.000000        193.21000        16.240000        45.000000 
       69.000000        251.63000        57.710000        49.000000 
       53.000000        394.41000        69.490000        54.000000 
       53.000000        444.42000        332.88000        35.000000 
       56.000000        689.09000        244.99000        35.000000 
       73.000000        333.72000        11.740000        69.000000 
       62.000000        551.48000        130.24000        42.000000 
       61.000000        35.790000        24.920000        51.000000 
       64.000000        420.73000        115.70000        47.000000 
       64.000000        523.11000        175.95000        50.000000 
       73.000000        388.87000        119.26000        46.000000 
       74.000000        234.58000        13.480000        54.000000 
       64.000000        545.76000        149.04000        43.000000 
       61.000000        8.4000000        84.100000        41.000000 
       70.000000        371.43000        4.9300000        53.000000 
       74.000000        468.87000        23.640000        65.000000 
       59.000000        411.70000        432.40000        55.000000 
       66.000000        202.32000        68.390000        55.000000 
       73.000000        354.70000        18.890000        54.000000 
       60.000000        343.10000        34.370000        57.000000 
       84.000000        344.93000        15.400000        47.000000 
       70.000000        337.20000        63.010000        50.000000 
       67.000000        235.95000        121.06000        51.000000 
       54.000000        876.78000        750.49000        58.000000 
       57.000000        600.94000        164.86000        45.000000 
       71.000000        323.83000        8.5800000        63.000000 
       76.000000        150.59000        1.3100000        55.000000 
       72.000000        128.40000        2.1900000        50.000000 
       70.000000        450.80000        14.870000        62.000000 
       60.000000        680.82000        415.66000        52.000000 
       54.000000        434.20000        143.89000        39.000000 
       63.000000        137.56000        3.5400000        44.000000 
       64.000000        234.43000        7.9900000        45.000000 
       23.000000        9.4600000        77.100000        30.000000 
       42.000000        152.29000        623.78000        49.000000 
       28.000000        35.790000        216.17000        39.000000 
       28.000000        16.920000        281.45000        35.000000 
       35.000000        100.94000        320.22000        49.000000 
       25.000000        7.7400000        157.80000        40.000000 
       37.000000        202.52000        512.21000        53.000000 
       41.000000        198.62000        341.34000        50.000000 
       47.000000        215.06000        338.12000        39.000000 
       42.000000        516.24000        768.79000        45.000000 
       32.000000        9.5600000        210.84000        55.000000 
       39.000000        58.200000        250.28000        52.000000 
       45.000000        394.10000        380.93000        46.000000 
       33.000000        96.280000        221.53000        44.000000 
       49.000000        1158.2900        858.76000        58.000000 
       36.000000        147.89000        652.20000        58.000000 
       48.000000        981.86000        678.65000        63.000000 
       34.000000        53.960000        252.82000        45.000000 
       38.000000        38.920000        123.63000        54.000000 
       32.000000        57.260000        403.06000        54.000000 
       49.000000        576.68000        559.13000        46.000000 
       27.000000        41.670000        267.63000        46.000000 
       43.000000        90.890000        364.09000        60.000000 
       35.000000        35.630000        337.79000        44.000000 
       39.000000        162.16000        602.94000        67.000000 
       16.000000        2.8500000        170.57000        22.000000 
       29.000000        10.430000        411.06000        43.000000 
       38.000000        174.79000        273.51000        44.000000 
       28.000000        15.940000        151.28000        42.000000 
       43.000000        645.12000        594.97000        48.000000 
       43.000000        310.70000        802.89000        55.000000 
       47.000000        453.46000        688.38000        44.000000 
       35.000000        16.760000        82.150000        54.000000 
       42.000000        745.73000        1006.6400        56.000000 
       47.000000        718.02000        756.11000        60.000000 
       38.000000        583.01000        738.09000        39.000000 
       48.000000        242.78000        581.89000        62.000000 
       39.000000        44.330000        302.21000        35.000000 
       29.000000        1.1500000        143.21000        57.000000 
       28.000000        13.960000        125.68000        38.000000 
       26.000000        43.490000        884.75000        36.000000 
       19.000000        47.940000        244.03000        47.000000 
       38.000000        860.77000        561.07000        56.000000 
       25.000000        13.240000        419.01000        48.000000 
       25.000000        6.6800000        211.96000        38.000000 
       23.000000        2.3900000        96.000000        38.000000 
       30.000000       0.52000000        226.09000        55.000000 
       48.000000        253.59000        484.58000        39.000000 
       35.000000        81.630000        358.70000        53.000000 
       28.000000       0.30000000        318.82000        33.000000 
       28.000000        58.560000        279.81000        46.000000 
       24.000000        1.6400000        234.96000        34.000000 
       37.000000        23.100000        250.48000        52.000000 
       37.000000        12.000000        121.43000        62.000000 
       32.000000        203.58000        507.36000        40.000000 
       43.000000        507.68000        1089.6100        62.000000 
       33.000000        60.670000        225.41000        44.000000 
       43.000000        355.02000        752.33000        45.000000 
       38.000000        106.46000        336.67000        44.000000 
       44.000000        801.29000        385.40000        58.000000 
       36.000000        82.040000        118.70000        39.000000 
       46.000000        354.58000        641.43000        67.000000 
       48.000000        630.91000        1143.3500        68.000000 
       28.000000        199.42000        632.10000        53.000000 
       24.000000        12.620000        454.35000        61.000000 
       38.000000        94.480000        505.61000        53.000000 
       39.000000        179.20000        646.22000        50.000000 
       32.000000        17.410000        654.26000        38.000000 
       48.000000        476.22000        384.74000        64.000000 
       47.000000        645.99000        600.11000        58.000000 
       35.000000        6.3600000        187.30000        51.000000 
       31.000000        189.78000        314.90000        32.000000 
       40.000000        391.93000        426.90000        28.000000 
       43.000000        254.82000        676.47000        60.000000 
       27.000000        30.300000        284.70000        40.000000 
       32.000000        241.45000        758.36000        43.000000 
       45.000000        625.93000        1321.0200        51.000000 
       50.000000        354.14000        684.21000        49.000000 
       24.000000        13.530000        476.46000        52.000000 
       32.000000        37.620000        288.17000        50.000000 
       29.000000        12.600000        300.05000        44.000000 
       25.000000        15.220000        103.15000        49.000000 
       39.000000        32.040000        152.27000        42.000000 
       32.000000        22.630000        359.80000        53.000000 
       36.000000        197.46000        1278.5300        36.000000 
       38.000000        202.59000        450.72000        46.000000 
       30.000000        14.420000        227.82000        47.000000 
