
       49000.000        11800.000        1000.0000        1554.0000 
       6790.0000        6.0000000        1.0000000        81.000000 
       52000.000        10100.000        2000.0000        1575.0000 
       3485.0000        5.0000000        1.0000000        71.000000 
       68000.000        10200.000        2000.0000        3304.0000 
       18731.000        6.0000000        2.0000000        31.000000 
       54000.000        11200.000        2000.0000        1700.0000 
       7500.0000        6.0000000        1.0000000        41.000000 
       70000.000        11800.000        2000.0000        1454.0000 
       5500.0000        6.0000000        2.0000000        31.000000 
       47000.000        10200.000        2000.0000        1410.0000 
       4500.0000        6.0000000        1.0000000        81.000000 
       73900.000        13200.000        4000.0000        1592.0000 
       13068.000        6.0000000        1.0000000        19.000000 
       117500.00        18200.000        9000.0000        1910.0000 
       15246.000        9.0000000        3.0000000        1.0000000 
       60000.000        19000.000        10000.000        735.00000 
       10454.000        5.0000000        1.0000000        41.000000 
       85000.000        23000.000        15000.000        1154.0000 
       43560.000        6.0000000        2.0000000        1.0000000 
       66479.000        17000.000        7000.0000        1104.0000 
       15512.000        5.0000000        1.0000000        26.000000 
       70000.000        9000.0000        3000.0000        1830.0000 
       13939.000        6.0000000        1.0000000        81.000000 
       66500.000        10500.000        4000.0000        1166.0000 
       9770.0000        5.0000000        1.0000000        41.000000 
       91000.000        11500.000        4000.0000        2263.0000 
       10019.000        7.0000000        2.0000000        31.000000 
       72500.000        11900.000        4000.0000        1482.0000 
       12632.000        6.0000000        1.0000000        31.000000 
       67000.000        11900.000        4000.0000        970.00000 
       11104.000        4.0000000        1.0000000        36.000000 
       68000.000        5800.0000        12000.000        1684.0000 
       81273.000        6.0000000        2.0000000        21.000000 
       85000.000        24100.000        18000.000        1080.0000 
       52272.000        6.0000000        2.0000000        18.000000 
       106000.00        10500.000        5000.0000        1633.0000 
       17728.000        6.0000000        2.0000000        13.000000 
       130000.00        11500.000        5000.0000        3208.0000 
       17424.000        7.0000000        3.0000000        24.000000 
       119900.00        18800.000        10000.000        2258.0000 
       12500.000        7.0000000        3.0000000        0.0000000 
       125000.00        18900.000        10000.000        2016.0000 
       12632.000        7.0000000        3.0000000        1.0000000 
       118000.00        18900.000        10000.000        1991.0000 
       12632.000        7.0000000        3.0000000        0.0000000 
       100000.00        19000.000        10000.000        1746.0000 
       13504.000        7.0000000        3.0000000        0.0000000 
       128000.00        19000.000        10000.000        2700.0000 
       13504.000        7.0000000        3.0000000        1.0000000 
       140000.00        18800.000        10000.000        2302.0000 
       13504.000        7.0000000        3.0000000        0.0000000 
       143500.00        18400.000        10000.000        2144.0000 
       12806.000        6.0000000        3.0000000        0.0000000 
       66500.000        6800.0000        6000.0000        1867.0000 
       5000.0000        5.0000000        1.0000000        59.000000 
       50000.000        7100.0000        5000.0000        1140.0000 
       13945.000        5.0000000        1.0000000        51.000000 
       65000.000        11100.000        5000.0000        912.00000 
       12005.000        5.0000000        1.0000000        25.000000 
       86000.000        14000.000        7000.0000        1425.0000 
       19550.000        6.0000000        1.0000000        20.000000 
       120000.00        19000.000        12000.000        3798.0000 
       50045.000        9.0000000        2.0000000        131.00000 
       135000.00        18300.000        11000.000        2252.0000 
       34879.000        7.0000000        3.0000000        0.0000000 
       135000.00        18300.000        11000.000        2252.0000 
       34879.000        7.0000000        3.0000000        0.0000000 
       160000.00        18500.000        11000.000        2836.0000 
       37046.000        7.0000000        3.0000000        0.0000000 
       168000.00        18600.000        11000.000        2486.0000 
       30808.000        7.0000000        3.0000000        0.0000000 
       182095.00        18500.000        11000.000        3074.0000 
       25159.000        7.0000000        3.0000000        0.0000000 
       175000.00        18500.000        11000.000        3074.0000 
       25265.000        7.0000000        3.0000000        0.0000000 
       162000.00        18400.000        11000.000        3232.0000 
       25380.000        7.0000000        3.0000000        0.0000000 
       189857.00        18700.000        12000.000        3396.0000 
       31412.000        7.0000000        4.0000000        0.0000000 
       190508.00        18900.000        12000.000        2464.0000 
       37026.000        7.0000000        3.0000000        0.0000000 
       234552.00        19000.000        12000.000        3252.0000 
       29671.000        7.0000000        3.0000000        0.0000000 
       220000.00        19000.000        11000.000        3040.0000 
       29621.000        7.0000000        3.0000000        0.0000000 
       175000.00        18900.000        11000.000        3055.0000 
       25265.000        7.0000000        3.0000000        0.0000000 
       118000.00        5000.0000        16000.000        1731.0000 
       14810.000        7.0000000        2.0000000        11.000000 
       155000.00        8700.0000        14000.000        2996.0000 
       45738.000        9.0000000        3.0000000        1.0000000 
       144000.00        8600.0000        14000.000        2464.0000 
       46174.000        7.0000000        3.0000000        0.0000000 
       216000.00        8800.0000        13000.000        2548.0000 
       46174.000        7.0000000        3.0000000        0.0000000 
       124500.00        9900.0000        13000.000        3398.0000 
       63260.000        6.0000000        4.0000000        0.0000000 
       80000.000        8100.0000        13000.000        1988.0000 
       65212.000        6.0000000        3.0000000        0.0000000 
       100000.00        8200.0000        14000.000        5136.0000 
       47916.000        7.0000000        3.0000000        0.0000000 
       88000.000        7800.0000        6000.0000        2327.0000 
       35538.000        6.0000000        1.0000000        81.000000 
       41000.000        6300.0000        7000.0000        936.00000 
       8276.0000        6.0000000        1.0000000        41.000000 
       66000.000        7600.0000        3000.0000        1674.0000 
       54886.000        7.0000000        1.0000000        121.00000 
       74000.000        9600.0000        7000.0000        1587.0000 
       5957.0000        5.0000000        2.0000000        7.0000000 
       76900.000        7200.0000        7000.0000        1531.0000 
       3049.0000        5.0000000        2.0000000        1.0000000 
       132000.00        12300.000        9000.0000        2574.0000 
       43757.000        7.0000000        3.0000000        0.0000000 
       130000.00        11900.000        8000.0000        2644.0000 
       35284.000        7.0000000        2.0000000        0.0000000 
       75000.000        16100.000        10000.000        1456.0000 
       18215.000        6.0000000        1.0000000        39.000000 
       156500.00        16000.000        11000.000        2464.0000 
       31215.000        7.0000000        3.0000000        2.0000000 
       140000.00        16000.000        10000.000        2400.0000 
       29226.000        8.0000000        3.0000000        8.0000000 
       65000.000        17300.000        11000.000        1760.0000 
       32670.000        6.0000000        2.0000000        81.000000 
       150000.00        17800.000        12000.000        3132.0000 
       26136.000        6.0000000        3.0000000        6.0000000 
       155000.00        19000.000        13000.000        2688.0000 
       28688.000        7.0000000        2.0000000        2.0000000 
       153000.00        24500.000        25000.000        2656.0000 
       43996.000        7.0000000        3.0000000        0.0000000 
       160000.00        24600.000        25000.000        2738.0000 
       43560.000        7.0000000        3.0000000        0.0000000 
       148000.00        24600.000        25000.000        2736.0000 
       43560.000        7.0000000        3.0000000        0.0000000 
       142000.00        24500.000        25000.000        3726.0000 
       43935.000        8.0000000        3.0000000        0.0000000 
       162000.00        24100.000        24000.000        2656.0000 
       45302.000        7.0000000        3.0000000        1.0000000 
       175500.00        24000.000        24000.000        3284.0000 
       43996.000        8.0000000        3.0000000        0.0000000 
       194000.00        23900.000        24000.000        3170.0000 
       45302.000        9.0000000        3.0000000        1.0000000 
       130500.00        26800.000        25000.000        2330.0000 
       43995.000        6.0000000        2.0000000        0.0000000 
       73000.000        17200.000        19000.000        1564.0000 
       48787.000        6.0000000        1.0000000        29.000000 
       140000.00        17100.000        18000.000        2248.0000 
       49829.000        6.0000000        3.0000000        0.0000000 
       82000.000        18300.000        19000.000        1566.0000 
       43996.000        6.0000000        1.0000000        29.000000 
       180000.00        16500.000        17000.000        2744.0000 
       77101.000        7.0000000        3.0000000        2.0000000 
       200000.00        16600.000        18000.000        2470.0000 
       64745.000        7.0000000        3.0000000        0.0000000 
       52900.000        25500.000        23000.000        1199.0000 
       54450.000        6.0000000        1.0000000        51.000000 
       110000.00        25200.000        23000.000        2204.0000 
       45302.000        6.0000000        2.0000000        17.000000 
       68000.000        25200.000        24000.000        2400.0000 
       45738.000        7.0000000        3.0000000        0.0000000 
       90000.000        25000.000        23000.000        3152.0000 
       51835.000        7.0000000        2.0000000        2.0000000 
       102000.00        25000.000        23000.000        3152.0000 
       51835.000        7.0000000        2.0000000        2.0000000 
       119600.00        25300.000        24000.000        2701.0000 
       48787.000        7.0000000        3.0000000        0.0000000 
       113500.00        28000.000        26000.000        2000.0000 
       43569.000        7.0000000        3.0000000        2.0000000 
       80500.000        30900.000        28000.000        1286.0000 
       44200.000        7.0000000        2.0000000        11.000000 
       75900.000        29800.000        26000.000        1344.0000 
       78408.000        6.0000000        2.0000000        19.000000 
       109000.00        27000.000        24000.000        1232.0000 
       49384.000        6.0000000        2.0000000        2.0000000 
       160000.00        27900.000        24000.000        4056.0000 
       69465.000        7.0000000        3.0000000        6.0000000 
       120000.00        29300.000        25000.000        2364.0000 
       43996.000        7.0000000        3.0000000        8.0000000 
       135900.00        29600.000        26000.000        2377.0000 
       43560.000        7.0000000        3.0000000        0.0000000 
       121000.00        31800.000        28000.000        2706.0000 
       43996.000        7.0000000        3.0000000        6.0000000 
       85000.000        35700.000        32000.000        1978.0000 
       44867.000        6.0000000        2.0000000        15.000000 
       133000.00        32100.000        28000.000        2756.0000 
       43573.000        7.0000000        3.0000000        3.0000000 
       143000.00        35400.000        31000.000        2576.0000 
       49223.000        7.0000000        3.0000000        0.0000000 
       130000.00        36800.000        33000.000        2528.0000 
       45738.000        7.0000000        3.0000000        2.0000000 
       135000.00        36700.000        32000.000        2464.0000 
       46609.000        7.0000000        3.0000000        0.0000000 
       141000.00        35000.000        31000.000        2920.0000 
       43560.000        7.0000000        3.0000000        2.0000000 
       125000.00        35000.000        31000.000        2548.0000 
       43560.000        7.0000000        3.0000000        0.0000000 
       172900.00        29100.000        24000.000        2580.0000 
       53579.000        7.0000000        3.0000000        0.0000000 
       177755.00        28600.000        24000.000        2738.0000 
       45973.000        7.0000000        3.0000000        0.0000000 
       125000.00        29500.000        25000.000        2208.0000 
       45738.000        7.0000000        3.0000000        0.0000000 
       173500.00        28200.000        23000.000        2900.0000 
       43560.000        7.0000000        3.0000000        0.0000000 
       169000.00        28100.000        23000.000        3292.0000 
       43560.000        7.0000000        3.0000000        0.0000000 
       167950.00        28800.000        24000.000        2472.0000 
       52708.000        6.0000000        3.0000000        0.0000000 
       145000.00        28600.000        24000.000        2569.0000 
       43560.000        7.0000000        3.0000000        0.0000000 
       159900.00        28400.000        23000.000        2464.0000 
       47480.000        7.0000000        3.0000000        0.0000000 
       172267.00        28300.000        23000.000        2826.0000 
       46598.000        7.0000000        3.0000000        0.0000000 
       156900.00        28300.000        23000.000        2464.0000 
       43908.000        7.0000000        3.0000000        0.0000000 
       169900.00        28100.000        23000.000        2832.0000 
       43560.000        7.0000000        3.0000000        0.0000000 
       129900.00        28300.000        23000.000        2056.0000 
       65340.000        7.0000000        3.0000000        7.0000000 
       109900.00        27000.000        21000.000        2632.0000 
       64904.000        7.0000000        2.0000000        26.000000 
       120000.00        24500.000        19000.000        2528.0000 
       44431.000        6.0000000        3.0000000        13.000000 
       140000.00        28100.000        22000.000        1800.0000 
       44867.000        6.0000000        3.0000000        7.0000000 
       83000.000        28900.000        23000.000        1182.0000 
       44247.000        6.0000000        1.0000000        7.0000000 
       175000.00        26600.000        21000.000        2738.0000 
       59790.000        7.0000000        3.0000000        0.0000000 
       117500.00        25800.000        20000.000        2016.0000 
       44900.000        8.0000000        3.0000000        7.0000000 
       155500.00        25800.000        20000.000        2610.0000 
       44431.000        7.0000000        3.0000000        0.0000000 
       158000.00        25600.000        20000.000        2627.0000 
       43560.000        7.0000000        3.0000000        2.0000000 
       115000.00        26500.000        19000.000        1848.0000 
       46300.000        6.0000000        2.0000000        7.0000000 
       133500.00        33000.000        26000.000        2648.0000 
       46609.000        7.0000000        3.0000000        6.0000000 
       128000.00        32700.000        26000.000        2464.0000 
       43560.000        7.0000000        3.0000000        4.0000000 
       105000.00        36400.000        29000.000        1998.0000 
       67954.000        7.0000000        3.0000000        5.0000000 
       90000.000        38900.000        33000.000        1549.0000 
       44431.000        6.0000000        1.0000000        16.000000 
       270000.00        15000.000        13000.000        3334.0000 
       43560.000        7.0000000        3.0000000        12.000000 
       70000.000        17600.000        14000.000        1526.0000 
       28314.000        6.0000000        1.0000000        26.000000 
       98000.000        18700.000        15000.000        1197.0000 
       50965.000        6.0000000        2.0000000        3.0000000 
       103900.00        17400.000        13000.000        1836.0000 
       35284.000        7.0000000        3.0000000        1.0000000 
       101100.00        17700.000        12000.000        2856.0000 
       29955.000        7.0000000        2.0000000        6.0000000 
       107900.00        17600.000        13000.000        1836.0000 
       35121.000        7.0000000        2.0000000        1.0000000 
       62000.000        13800.000        6000.0000        1133.0000 
       5000.0000        6.0000000        1.0000000        15.000000 
       96750.000        13400.000        5000.0000        1242.0000 
       23087.000        7.0000000        2.0000000        1.0000000 
       79500.000        13400.000        6000.0000        2216.0000 
       10000.000        5.0000000        2.0000000        36.000000 
       97900.000        13100.000        5000.0000        1226.0000 
       13068.000        7.0000000        2.0000000        0.0000000 
       103900.00        13200.000        5000.0000        1910.0000 
       20909.000        7.0000000        2.0000000        0.0000000 
       70000.000        12800.000        6000.0000        1728.0000 
       10938.000        6.0000000        2.0000000        3.0000000 
       175000.00        16900.000        10000.000        1842.0000 
       29130.000        6.0000000        2.0000000        26.000000 
       80000.000        17000.000        10000.000        2384.0000 
       10000.000        5.0000000        2.0000000        65.000000 
       60000.000        16900.000        10000.000        1388.0000 
       7500.0000        6.0000000        1.0000000        25.000000 
       144500.00        25000.000        26000.000        3140.0000 
       48787.000        7.0000000        3.0000000        0.0000000 
       97000.000        21300.000        15000.000        1296.0000 
       44867.000        6.0000000        2.0000000        20.000000 
       95000.000        20500.000        15000.000        1148.0000 
       44182.000        5.0000000        2.0000000        19.000000 
       204080.00        19400.000        13000.000        2261.0000 
       45465.000        7.0000000        3.0000000        0.0000000 
