
       1095.0000        27595.000        14.100000        191.00000 
       1001.0000        9958.0000        10.900000        13.000000 
       1122.0000        6125.9000        23.500000        14.000000 
       578.00000        16246.000        5.9000000       -21.000000 
       1368.0000        21783.200        13.800000        56.000000 
       1145.0000        6021.4000        20.000000        55.000000 
       1078.0000        2266.7000        16.400000        62.000000 
       1094.0000        2966.8000        16.300000        44.000000 
       1237.0000        4570.2000        10.500000        37.000000 
       833.00000        2830.0000        26.300000        37.000000 
       567.00000        596.80000        25.900000        109.00000 
       933.00000        19773.000        26.800000       -10.000000 
       1339.0000        40047.000        14.800000        41.000000 
       937.00000        2513.8000        22.300000        44.000000 
       2011.0000        1580.6000        56.300000        63.000000 
       1585.0000        6754.0000        12.600000        17.000000 
       905.00000        1066.3000        20.400000        141.00000 
       1058.0000        3199.9000        1.9000000       -15.000000 
       922.00000        1452.7000        19.900000        56.000000 
       1220.0000        8995.0000        15.400000        28.000000 
       1022.0000        1212.3000        38.700000        83.000000 
       759.00000        2824.2000        16.400000        21.000000 
       1414.0000        7621.0000        24.400000       -10.000000 
       1041.0000        4418.3000        15.600000        74.000000 
       1688.0000        12343.000        14.400000        15.000000 
       2983.0000        57662.000        19.000000        42.000000 
       1160.0000        4319.7000        16.100000       -2.0000000 
       3844.0000        20604.000        12.100000        18.000000 
       476.00000        611.30000        16.200000        40.000000 
       1492.0000        12431.700        18.400000        58.000000 
       1024.0000        8169.0000        14.200000       -10.000000 
       1593.0000        20659.000        14.900000        16.000000 
       427.00000        3072.1000        12.400000        61.000000 
       829.00000        1669.1000        17.100000        64.000000 
       797.00000        2401.2000        16.900000        39.000000 
       577.00000        3043.6000        18.100000        1.0000000 
       1342.0000        6222.2000        10.900000        59.000000 
       1774.0000        7727.9000        19.300000        19.000000 
       709.00000        719.50000        18.300000        65.000000 
       860.00000        3921.3000        18.400000        45.000000 
       1336.0000        5155.1000        13.800000        7.0000000 
       516.00000        649.20000        13.700000        27.000000 
       931.00000        10885.000        12.700000        10.000000 
       815.00000        1651.9000        15.100000        33.000000 
       1681.0000        12915.000        16.500000        29.000000 
       568.00000        11436.000        10.200000       -19.000000 
       775.00000        2210.3000        19.600000        34.000000 
       1188.0000        3737.8000        12.800000        15.000000 
       782.00000        1976.7000        15.900000        24.000000 
       1170.0000        2576.0000        17.300000        93.000000 
       1469.0000        6309.1000        8.5000000        79.000000 
       916.00000        2940.5000        16.400000        105.00000 
       1070.0000        1072.6000        19.500000        269.00000 
       894.00000        1534.0000        19.200000        74.000000 
       829.00000        2158.8000        15.900000       -18.000000 
       780.00000        1736.0000        19.900000        23.000000 
       2327.0000        3598.8000        28.100000        104.00000 
       717.00000        1413.6000        25.000000        56.000000 
       1368.0000        13538.000        15.000000       -43.000000 
       2028.0000        69018.000        12.600000        10.000000 
       1195.0000        6285.0000        20.300000        49.000000 
       256.00000        526.30000        22.700000        175.00000 
       775.00000        3195.6000        14.800000        12.000000 
       1407.0000        2762.8000        13.200000        28.000000 
       543.00000        1873.1000        10.300000       -58.000000 
       874.00000        4648.1000        17.700000       -6.0000000 
       1287.0000        16951.000        10.000000       -21.000000 
       1248.0000        3506.9000        15.600000        54.000000 
       875.00000        5333.1000        6.8000000       -8.0000000 
       925.00000        3296.2000        12.400000       -21.000000 
       798.00000        2584.0000        13.100000        10.000000 
       760.00000        834.40000        15.800000        55.000000 
       600.00000        4068.7000        12.800000       -6.0000000 
       991.00000        2518.6000        15.300000        65.000000 
       1570.0000        10465.000       0.50000000        36.000000 
       911.00000        2682.4000        16.500000        23.000000 
       1360.0000        2688.2000        15.100000        67.000000 
       700.00000        6682.3000        13.000000        53.000000 
       741.00000        4879.9000        11.100000       -26.000000 
       1097.0000        2772.1000        8.9000000        20.000000 
       953.00000        1320.4000        17.500000        83.000000 
       441.00000        3408.5000        15.900000        37.000000 
       595.00000        1919.7000        14.200000        61.000000 
       1067.0000        19020.500        9.3000000        4.0000000 
       1298.0000        4778.3000        9.5000000       -2.0000000 
       1798.0000        24332.000        15.500000        2.0000000 
       4143.0000        2678.4000        14.400000        42.000000 
       1336.0000        4481.0000        11.100000        15.000000 
       1750.0000        14932.100        15.900000        62.000000 
       912.00000        2626.4000        16.400000        70.000000 
       1892.0000        2659.5000        8.6000000        126.00000 
       833.00000        1073.2000        24.600000        51.000000 
       1142.0000        2577.3000        15.400000        56.000000 
       1159.0000        4293.8000        16.900000        107.00000 
       1283.0000        18164.000        7.2000000        14.000000 
       2109.0000        9944.4000        11.600000        23.000000 
       1039.0000        12719.000        26.400000        264.00000 
       992.00000        1931.6000        21.400000        52.000000 
       1253.0000        2993.2000        19.200000        74.000000 
       721.00000        2127.2000        15.100000        101.00000 
       1351.0000        4211.9000        9.0000000       -4.0000000 
       1391.0000        8489.6000        9.4000000        26.000000 
       1245.0000        12222.800        19.000000        52.000000 
       1550.0000        11213.400        3.5000000        6.0000000 
       2150.0000        5869.6000        22.100000        68.000000 
       1846.0000        6193.8000        10.900000        6.0000000 
       573.00000        3053.2000        15.100000        31.000000 
       6640.0000        8946.0000        10.200000        34.000000 
       959.00000        4045.2000        17.300000        51.000000 
       612.00000        3618.9000        33.300000        68.000000 
       1820.0000        1796.1000        22.800000        115.00000 
       1411.0000        6703.1000        11.100000        28.000000 
       1026.0000        2170.3000        12.400000        162.00000 
       1287.0000        4674.0000        20.900000       -47.000000 
       800.00000        3372.0000        6.7000000        60.000000 
       1115.0000        8205.0000        7.1000000        23.000000 
       1631.0000        4617.0000        11.800000        75.000000 
       1910.0000        6964.0000        14.000000        43.000000 
       996.00000        6623.0000        10.100000        10.000000 
       918.00000        29797.000        6.4000000       -28.000000 
       1261.0000        5225.5000        12.400000        1.0000000 
       1053.0000        3639.0000        17.600000        5.0000000 
       1221.0000        97649.900        15.100000       -7.0000000 
       1738.0000        10743.600        23.600000        36.000000 
       3142.0000        10236.300        35.700000        155.00000 
       1900.0000        17802.700        23.200000        142.00000 
       427.00000        6158.7000        12.400000        95.000000 
       1700.0000        6775.2000        44.400000        61.000000 
       360.00000        298.70000        2.1000000        302.00000 
       459.00000        785.30000        18.400000        5.0000000 
       1340.0000        1368.6000        16.100000        115.00000 
       729.00000        2066.1000        15.100000        52.000000 
       223.00000        181.50000        22.700000        295.00000 
       2101.0000        10300.000        23.400000        76.000000 
       1082.0000        11232.000        25.700000        101.00000 
       1781.0000        5191.6000        27.000000        98.000000 
       791.00000        976.70000        19.900000        89.000000 
       2092.0000        7671.5000        43.700000        80.000000 
       1573.0000        6406.0000        16.400000        87.000000 
       1045.0000        2917.4000        11.600000        203.00000 
       1694.0000        3322.9000        24.800000        100.00000 
       453.00000        175.20000        26.200000        418.00000 
       1130.0000        1686.3000        44.500000        99.000000 
       1334.0000        514.10000        22.300000        358.00000 
       1344.0000        3032.7000        22.300000        36.000000 
       1585.0000        4686.9000        35.100000        111.00000 
       1946.0000        8388.1000        13.100000        88.000000 
       1619.0000        7632.8000        11.000000        32.000000 
       1620.0000        17453.800        19.400000        128.00000 
       967.00000        5781.1000        28.500000        119.00000 
       1431.0000        6896.2000        43.900000        110.00000 
       1231.0000        6503.1000        26.800000        84.000000 
       770.00000        2715.6000        15.700000        63.000000 
       1594.0000        2761.9000        15.000000        85.000000 
       1568.0000        5181.4000        28.200000        55.000000 
       995.00000        1323.0000        15.400000        195.00000 
       1077.0000        5296.0000        20.000000        36.000000 
       1161.0000        7177.0000        42.200000        68.000000 
       1401.0000        12183.500        19.600000        93.000000 
       1127.0000        7863.5000        16.200000        152.00000 
       3068.0000        3825.6000        21.500000        142.00000 
       730.00000        1110.6000        29.500000        60.000000 
       729.00000        1391.3000        22.600000        32.000000 
       11233.000        6047.9000        22.900000        74.000000 
       949.00000        18908.000        13.000000       -3.0000000 
       3646.0000        3921.5000        7.8000000        29.000000 
       1502.0000        3453.8000        48.100000        28.000000 
       807.00000        1558.5000        18.000000        49.000000 
       713.00000        962.80000        18.000000        81.000000 
       1489.0000        25848.000        21.700000        114.00000 
       736.00000        631.50000        21.300000        71.000000 
       1226.0000        1728.9000        26.900000        84.000000 
       543.00000        2669.3000        30.500000        323.00000 
       14822.000        2159.2000        19.400000        17.000000 
       890.00000        2612.6000        15.600000       -14.000000 
       1627.0000        8270.3000        19.400000        104.00000 
       2408.0000        44323.000        29.100000        160.00000 
       2248.0000        764.70000        40.800000        191.00000 
       787.00000        5167.5000        13.700000        34.000000 
       474.00000        2159.3000        11.100000        16.000000 
       439.00000        2617.1000        10.800000        65.000000 
       465.00000        2367.7000        5.1000000        43.000000 
       594.00000        2744.0000        12.300000        76.000000 
       688.00000        2357.9000        7.4000000        33.000000 
       607.00000        5262.0000        6.2000000        59.000000 
       634.00000        5738.9000        12.700000        38.000000 
       532.00000        2714.9000        10.600000        35.000000 
       441.00000        3306.7000        7.4000000        150.00000 
       694.00000        3532.5000        12.600000        37.000000 
       520.00000        3681.5000        12.800000        64.000000 
       757.00000        3982.1000        2.9000000        197.00000 
       668.00000        2996.0000        13.500000        81.000000 
       803.00000        4178.6000        10.700000        52.000000 
       500.00000        2616.3000        11.900000        25.000000 
       552.00000        2064.5000        12.900000        37.000000 
       412.00000        2225.5000        10.100000        13.000000 
       1100.0000        9470.1000        7.3000000        82.000000 
       959.00000        3783.2000        14.600000        65.000000 
       333.00000        2388.7000        13.800000        59.000000 
       503.00000        3705.2000        8.9000000        29.000000 
       448.00000        1411.7000        14.000000        14.000000 
       732.00000        4800.1000        12.900000        36.000000 
       720.00000        1771.9000        14.500000        78.000000 
       808.00000        7198.5000        14.700000        49.000000 
       930.00000        1509.1000        9.0000000        131.00000 
       525.00000        1097.1000        15.500000        72.000000 
       658.00000        4542.6000        12.100000        68.000000 
       555.00000        2023.0000        13.700000        60.000000 
       626.00000        1442.5000        14.400000        62.000000 
