
      0.47000000        1203.7000      0.099995000        1.0000000 
      0.44900000        1328.2000       0.10551950        2.0000000 
      0.43400000        1380.0000       0.12078380        3.0000000 
      0.42800000        1435.3000       0.14966880        4.0000000 
      0.41500000        1416.2000       0.13801570        5.0000000 
      0.41900000        1494.9000       0.15920290        6.0000000 
      0.41200000        1525.6000       0.18222130        7.0000000 
      0.41200000        1551.1000       0.17382770        8.0000000 
      0.39700000        1539.2000       0.18448320        9.0000000 
      0.39400000        1629.1000       0.19376430        10.000000 
      0.40300000        1665.3000       0.19800000        11.000000 
      0.39700000        1708.7000       0.18691660        12.000000 
      0.38500000        1799.4000       0.21141800        13.000000 
      0.39500000        1873.3000       0.19470750        14.000000 
      0.39600000        1973.3000       0.21681500        15.000000 
      0.40100000        2087.6000       0.21417350        16.000000 
      0.39900000        2208.3000       0.29439130        17.000000 
      0.39900000        2271.4000       0.31729250        18.000000 
      0.40300000        2365.6000       0.33222220        19.000000 
      0.39900000        2423.3000       0.31361430        20.000000 
      0.42800000        2416.2000       0.29834160        21.000000 
      0.42300000        2484.8000       0.28108940        22.000000 
      0.42300000        2608.5000       0.26324300        23.000000 
      0.42100000        2744.1000       0.25007630        24.000000 
      0.40500000        2729.3000       0.37294620        25.000000 
      0.36800000        2695.0000       0.43379150        26.000000 
      0.36400000        2826.7000       0.44609920        27.000000 
      0.35800000        2958.6000       0.42898440        28.000000 
      0.36200000        3115.2000       0.45000420        29.000000 
      0.36000000        3192.4000       0.45811980        30.000000 
      0.35900000        3187.1000       0.45460550        31.000000 
      0.34300000        3248.8000       0.45825590        32.000000 
      0.31800000        3166.0000       0.44775940        33.000000 
      0.32100000        3279.1000       0.43829670        34.000000 
      0.33400000        3501.4000       0.43643840        35.000000 
      0.33100000        3607.5000       0.42489590        36.000000 
      0.35100000        3713.3000       0.41192590        37.000000 
      0.36900000        3819.6000       0.39961050        38.000000 
