
       1.0000000        7.0000000        0.0000000        1.0000000 
       0.0000000 
       1.0000000        7.0000000        1.0000000        0.0000000 
       0.0000000 
       1.0000000        17.000000        1.0000000        0.0000000 
       0.0000000 
       0.0000000        9.0000000        1.0000000        0.0000000 
       0.0000000 
       0.0000000        2.5000000        0.0000000        0.0000000 
       0.0000000 
       1.0000000        9.0000000        0.0000000        1.0000000 
       0.0000000 
       1.0000000        10.000000        1.0000000        0.0000000 
       0.0000000 
       1.0000000        18.000000        1.0000000        1.0000000 
       0.0000000 
       0.0000000        7.5000000        0.0000000        0.0000000 
       0.0000000 
       1.0000000        8.0000000        0.0000000        0.0000000 
       0.0000000 
       1.0000000        2.0000000        1.0000000        0.0000000 
       0.0000000 
       1.0000000        10.000000        1.0000000        0.0000000 
       0.0000000 
       1.0000000        6.0000000        0.0000000        1.0000000 
       0.0000000 
       0.0000000        5.0000000        1.0000000        0.0000000 
       0.0000000 
       0.0000000        10.000000        0.0000000        0.0000000 
       0.0000000 
       1.0000000        33.000000        1.0000000        1.0000000 
       0.0000000 
       1.0000000        11.000000        1.0000000        0.0000000 
       0.0000000 
       1.0000000        24.000000        1.0000000        0.0000000 
       0.0000000 
       1.0000000        15.000000        0.0000000        0.0000000 
       0.0000000 
       1.0000000        14.000000        1.0000000        0.0000000 
       0.0000000 
       1.0000000        27.000000        1.0000000        0.0000000 
       0.0000000 
       0.0000000        1.5000000        0.0000000        0.0000000 
       0.0000000 
       0.0000000        8.0000000        1.0000000        0.0000000 
       0.0000000 
       1.0000000        30.000000        1.0000000        1.0000000 
       0.0000000 
       1.0000000        26.000000        0.0000000        0.0000000 
       0.0000000 
       0.0000000        2.0000000        0.0000000        0.0000000 
       0.0000000 
       1.0000000        14.000000        1.0000000        0.0000000 
       0.0000000 
       1.0000000        20.000000        1.0000000        0.0000000 
       0.0000000 
       1.0000000        21.000000        1.0000000        1.0000000 
       0.0000000 
       1.0000000        21.000000        1.0000000        0.0000000 
       0.0000000 
       1.0000000        16.000000        1.0000000        1.0000000 
       0.0000000 
       1.0000000        5.0000000        0.0000000        1.0000000 
       0.0000000 
       1.0000000        1.0000000        0.0000000        0.0000000 
       0.0000000 
       1.0000000        21.000000        1.0000000        0.0000000 
       0.0000000 
       1.0000000        9.0000000        1.0000000        0.0000000 
       0.0000000 
       0.0000000        2.0000000        0.0000000        0.0000000 
       0.0000000 
       1.0000000        20.000000        1.0000000        0.0000000 
       0.0000000 
       1.0000000        1.0000000        0.0000000        0.0000000 
       0.0000000 
       1.0000000        25.000000        1.0000000        0.0000000 
       0.0000000 
       1.0000000        4.0000000        0.0000000        0.0000000 
       0.0000000 
       1.0000000        26.000000        1.0000000        0.0000000 
       0.0000000 
       1.0000000        8.0000000        0.0000000        0.0000000 
       0.0000000 
       0.0000000        2.0000000        0.0000000        0.0000000 
       0.0000000 
       1.0000000        17.000000        0.0000000        0.0000000 
       0.0000000 
       1.0000000        30.000000        0.0000000        0.0000000 
       0.0000000 
       1.0000000        20.000000        1.0000000        0.0000000 
       0.0000000 
       1.0000000        1.0000000        0.0000000        1.0000000 
       0.0000000 
       1.0000000        14.000000        1.0000000        0.0000000 
       0.0000000 
       1.0000000        14.000000        1.0000000        1.0000000 
       0.0000000 
       1.0000000        4.0000000        1.0000000        0.0000000 
       0.0000000 
       1.0000000        14.000000        1.0000000        0.0000000 
       0.0000000 
       1.0000000        10.000000        1.0000000        1.0000000 
       0.0000000 
       1.0000000        5.5000000        0.0000000        1.0000000 
       0.0000000 
       0.0000000        1.0000000        1.0000000        0.0000000 
       0.0000000 
       1.0000000        9.0000000        1.0000000        0.0000000 
       0.0000000 
       1.0000000        10.500000        1.0000000        0.0000000 
       0.0000000 
       0.0000000        8.0000000        0.0000000        0.0000000 
       0.0000000 
       1.0000000        3.5000000        1.0000000        0.0000000 
       0.0000000 
       1.0000000        8.0000000        1.0000000        1.0000000 
       0.0000000 
       1.0000000        4.0000000        0.0000000        0.0000000 
       0.0000000 
       1.0000000        1.0000000        0.0000000        0.0000000 
       0.0000000 
       0.0000000        2.0000000        0.0000000        0.0000000 
       0.0000000 
       1.0000000        16.000000        1.0000000        0.0000000 
       0.0000000 
       1.0000000        5.0000000        1.0000000        0.0000000 
       0.0000000 
       1.0000000        5.5000000        0.0000000        1.0000000 
       1.0000000 
       1.0000000        3.5000000        1.0000000        0.0000000 
       0.0000000 
       1.0000000        15.000000        1.0000000        0.0000000 
       0.0000000 
       1.0000000        13.500000        1.0000000        0.0000000 
       0.0000000 
       1.0000000        14.000000        1.0000000        0.0000000 
       0.0000000 
       1.0000000        21.000000        1.0000000        0.0000000 
       0.0000000 
       1.0000000        5.0000000        0.0000000        0.0000000 
       0.0000000 
       1.0000000        19.000000        0.0000000        0.0000000 
       0.0000000 
       1.0000000        7.0000000        0.0000000        1.0000000 
       0.0000000 
       0.0000000        1.0000000        1.0000000        0.0000000 
       0.0000000 
       0.0000000        12.000000        0.0000000        0.0000000 
       0.0000000 
       1.0000000        11.000000        0.0000000        0.0000000 
       0.0000000 
       0.0000000        2.0000000        1.0000000        0.0000000 
       0.0000000 
       1.0000000        2.0000000        0.0000000        0.0000000 
       0.0000000 
       1.0000000        3.0000000        1.0000000        0.0000000 
       0.0000000 
       1.0000000        4.5000000        0.0000000        0.0000000 
       0.0000000 
       0.0000000        7.5000000        0.0000000        0.0000000 
       0.0000000 
       1.0000000        12.500000        1.0000000        1.0000000 
       1.0000000 
       1.0000000        8.0000000        0.0000000        1.0000000 
       0.0000000 
       0.0000000        3.5000000        1.0000000        0.0000000 
       0.0000000 
       1.0000000        26.000000        1.0000000        1.0000000 
       0.0000000 
       1.0000000        23.000000        1.0000000        1.0000000 
       0.0000000 
       1.0000000        1.0000000        1.0000000        0.0000000 
       0.0000000 
       0.0000000        8.0000000        1.0000000        0.0000000 
       0.0000000 
       1.0000000        10.000000        1.0000000        1.0000000 
       0.0000000 
       1.0000000        2.5000000        0.0000000        0.0000000 
       0.0000000 
       1.0000000        23.000000        1.0000000        0.0000000 
       0.0000000 
       1.0000000        18.000000        0.0000000        0.0000000 
       0.0000000 
       1.0000000        15.000000        1.0000000        0.0000000 
       0.0000000 
       1.0000000        25.000000        1.0000000        0.0000000 
       0.0000000 
       1.0000000        17.000000        0.0000000        0.0000000 
       0.0000000 
       1.0000000        25.000000        1.0000000        0.0000000 
       0.0000000 
       1.0000000        9.0000000        0.0000000        0.0000000 
       0.0000000 
       0.0000000        20.000000        1.0000000        1.0000000 
       0.0000000 
       1.0000000        20.000000        1.0000000        0.0000000 
       0.0000000 
       1.0000000        14.000000        1.0000000        0.0000000 
       0.0000000 
       1.0000000        9.0000000        1.0000000        0.0000000 
       0.0000000 
       1.0000000        23.000000        1.0000000        0.0000000 
       0.0000000 
       1.0000000        2.5000000        0.0000000        1.0000000 
       1.0000000 
       1.0000000        2.5000000        1.0000000        0.0000000 
       1.0000000 
       1.0000000        8.0000000        0.0000000        1.0000000 
       0.0000000 
       1.0000000        11.000000        1.0000000        0.0000000 
       0.0000000 
       0.0000000        3.0000000        1.0000000        0.0000000 
       0.0000000 
       1.0000000        9.0000000        1.0000000        1.0000000 
       0.0000000 
       0.0000000        6.0000000        1.0000000        0.0000000 
       0.0000000 
       1.0000000        8.0000000        1.0000000        0.0000000 
       0.0000000 
       1.0000000        3.0000000        1.0000000        0.0000000 
       0.0000000 
       0.0000000        5.5000000        0.0000000        1.0000000 
       0.0000000 
       1.0000000        9.0000000        1.0000000        0.0000000 
       0.0000000 
       1.0000000        9.0000000        0.0000000        1.0000000 
       0.0000000 
       0.0000000        12.000000        1.0000000        0.0000000 
       0.0000000 
       1.0000000        13.000000        1.0000000        0.0000000 
       0.0000000 
       1.0000000        5.0000000        0.0000000        1.0000000 
       0.0000000 
       0.0000000        5.0000000        1.0000000        0.0000000 
       0.0000000 
       1.0000000        10.000000        1.0000000        1.0000000 
       1.0000000 
       0.0000000        2.5000000        1.0000000        0.0000000 
       0.0000000 
       0.0000000        2.5000000        1.0000000        0.0000000 
       0.0000000 
       1.0000000        14.000000        1.0000000        0.0000000 
       0.0000000 
       1.0000000        19.000000        1.0000000        0.0000000 
       0.0000000 
       0.0000000        1.0000000        1.0000000        0.0000000 
       0.0000000 
       0.0000000        5.0000000        1.0000000        0.0000000 
       0.0000000 
       1.0000000        23.000000        1.0000000        0.0000000 
       0.0000000 
       1.0000000        29.000000        1.0000000        1.0000000 
       0.0000000 
       1.0000000        24.000000        1.0000000        0.0000000 
       0.0000000 
       1.0000000        5.0000000        0.0000000        0.0000000 
       0.0000000 
       1.0000000        3.5000000        1.0000000        0.0000000 
       0.0000000 
       1.0000000        7.5000000        1.0000000        0.0000000 
       0.0000000 
       1.0000000        2.5000000        0.0000000        0.0000000 
       0.0000000 
       1.0000000        13.500000        1.0000000        0.0000000 
       0.0000000 
       1.0000000        13.500000        1.0000000        0.0000000 
       0.0000000 
       1.0000000        16.500000        1.0000000        0.0000000 
       0.0000000 
       0.0000000        2.0000000        1.0000000        0.0000000 
       0.0000000 
       1.0000000        19.000000        1.0000000        0.0000000 
       0.0000000 
       1.0000000        2.5000000        1.0000000        0.0000000 
       0.0000000 
       1.0000000        1.0000000        1.0000000        0.0000000 
       0.0000000 
       1.0000000        6.5000000        0.0000000        0.0000000 
       0.0000000 
       1.0000000        9.0000000        0.0000000        0.0000000 
       0.0000000 
       1.0000000        8.5000000        0.0000000        0.0000000 
       0.0000000 
       0.0000000        9.0000000        0.0000000        0.0000000 
       0.0000000 
       1.0000000        19.000000        1.0000000        0.0000000 
       0.0000000 
       1.0000000        6.5000000        1.0000000        0.0000000 
       0.0000000 
       1.0000000        8.0000000        0.0000000        0.0000000 
       0.0000000 
       1.0000000        5.0000000        0.0000000        0.0000000 
       0.0000000 
       1.0000000        14.000000        1.0000000        0.0000000 
       0.0000000 
       1.0000000        1.5000000        1.0000000        0.0000000 
       1.0000000 
       1.0000000        11.000000        1.0000000        0.0000000 
       0.0000000 
       1.0000000        9.0000000        0.0000000        1.0000000 
       0.0000000 
       0.0000000        11.000000        1.0000000        0.0000000 
       0.0000000 
       1.0000000        7.5000000        0.0000000        1.0000000 
       0.0000000 
       0.0000000        2.0000000        1.0000000        0.0000000 
       0.0000000 
       0.0000000        10.000000        1.0000000        1.0000000 
       0.0000000 
       1.0000000        8.0000000        0.0000000        1.0000000 
       0.0000000 
       1.0000000        20.000000        1.0000000        1.0000000 
       0.0000000 
       1.0000000        15.000000        0.0000000        0.0000000 
       0.0000000 
       1.0000000        3.0000000        0.0000000        0.0000000 
       0.0000000 
       1.0000000        2.0000000        1.0000000        0.0000000 
       0.0000000 
       1.0000000        17.000000        1.0000000        1.0000000 
       0.0000000 
       1.0000000        5.5000000        0.0000000        1.0000000 
       0.0000000 
       0.0000000        1.5000000        1.0000000        0.0000000 
       1.0000000 
       1.0000000        5.5000000        0.0000000        1.0000000 
       0.0000000 
       0.0000000        4.0000000        0.0000000        1.0000000 
       0.0000000 
       0.0000000        2.0000000        0.0000000        1.0000000 
       0.0000000 
       0.0000000        3.0000000        0.0000000        0.0000000 
       0.0000000 
       1.0000000        17.000000        1.0000000        1.0000000 
       0.0000000 
       0.0000000        1.5000000        1.0000000        0.0000000 
       0.0000000 
       0.0000000        4.5000000        0.0000000        0.0000000 
       0.0000000 
       1.0000000        4.5000000        1.0000000        0.0000000 
       0.0000000 
       1.0000000        3.0000000        1.0000000        0.0000000 
       0.0000000 
       1.0000000        39.000000        1.0000000        1.0000000 
       0.0000000 
       1.0000000        14.000000        1.0000000        0.0000000 
       0.0000000 
       1.0000000        12.000000        0.0000000        1.0000000 
       0.0000000 
       1.0000000        7.0000000        0.0000000        0.0000000 
       0.0000000 
       1.0000000        6.0000000        1.0000000        0.0000000 
       0.0000000 
       1.0000000        15.000000        1.0000000        0.0000000 
       0.0000000 
       0.0000000        7.0000000        0.0000000        0.0000000 
       0.0000000 
       0.0000000        8.0000000        0.0000000        0.0000000 
       0.0000000 
       1.0000000        27.000000        1.0000000        0.0000000 
       0.0000000 
       1.0000000        19.000000        1.0000000        0.0000000 
       0.0000000 
       1.0000000        14.000000        1.0000000        0.0000000 
       0.0000000 
       0.0000000        2.0000000        0.0000000        0.0000000 
       0.0000000 
       1.0000000        9.0000000        1.0000000        0.0000000 
       0.0000000 
       1.0000000        14.000000        1.0000000        0.0000000 
       0.0000000 
       0.0000000        13.000000        1.0000000        0.0000000 
       0.0000000 
       1.0000000        21.500000        0.0000000        0.0000000 
       0.0000000 
       1.0000000        25.000000        1.0000000        0.0000000 
       0.0000000 
       1.0000000        10.000000        1.0000000        0.0000000 
       0.0000000 
       1.0000000        4.0000000        1.0000000        0.0000000 
       0.0000000 
       1.0000000        37.000000        1.0000000        1.0000000 
       0.0000000 
       1.0000000        15.000000        1.0000000        0.0000000 
       0.0000000 
       1.0000000        11.000000        1.0000000        0.0000000 
       0.0000000 
       1.0000000        3.5000000        1.0000000        0.0000000 
       0.0000000 
       1.0000000        8.5000000        0.0000000        0.0000000 
       0.0000000 
       1.0000000        22.000000        1.0000000        1.0000000 
       0.0000000 
       1.0000000        11.000000        1.0000000        0.0000000 
       0.0000000 
       1.0000000        2.5000000        1.0000000        0.0000000 
       0.0000000 
       1.0000000        25.000000        1.0000000        1.0000000 
       0.0000000 
       1.0000000        22.000000        1.0000000        0.0000000 
       0.0000000 
       1.0000000        20.000000        1.0000000        1.0000000 
       0.0000000 
       1.0000000        4.5000000        0.0000000        0.0000000 
       0.0000000 
       1.0000000        27.000000        1.0000000        0.0000000 
       0.0000000 
       0.0000000        13.000000        1.0000000        0.0000000 
       0.0000000 
       0.0000000        4.0000000        0.0000000        0.0000000 
       0.0000000 
       1.0000000        1.0000000        1.0000000        0.0000000 
       0.0000000 
       1.0000000        6.0000000        1.0000000        0.0000000 
       0.0000000 
       1.0000000        1.0000000        1.0000000        0.0000000 
       0.0000000 
       0.0000000        11.000000        1.0000000        1.0000000 
       1.0000000 
       0.0000000        21.000000        1.0000000        1.0000000 
       0.0000000 
       1.0000000        1.5000000        1.0000000        0.0000000 
       0.0000000 
       1.0000000        4.0000000        1.0000000        0.0000000 
       0.0000000 
       1.0000000        20.000000        1.0000000        0.0000000 
       0.0000000 
       1.0000000        2.5000000        1.0000000        0.0000000 
       0.0000000 
       1.0000000        6.5000000        0.0000000        0.0000000 
       0.0000000 
       1.0000000        20.000000        1.0000000        0.0000000 
       0.0000000 
       1.0000000        15.000000        1.0000000        0.0000000 
       0.0000000 
       1.0000000        16.500000        1.0000000        0.0000000 
       0.0000000 
       0.0000000        9.0000000        0.0000000        0.0000000 
       0.0000000 
       1.0000000        2.0000000        1.0000000        0.0000000 
       0.0000000 
       1.0000000        12.000000        1.0000000        0.0000000 
       0.0000000 
       1.0000000        14.500000        1.0000000        0.0000000 
       0.0000000 
       1.0000000        11.000000        1.0000000        0.0000000 
       0.0000000 
       0.0000000        1.5000000        1.0000000        0.0000000 
       0.0000000 
       1.0000000        23.000000        1.0000000        0.0000000 
       0.0000000 
       0.0000000        1.0000000        0.0000000        1.0000000 
       1.0000000 
       1.0000000        20.000000        1.0000000        0.0000000 
       0.0000000 
       0.0000000        9.5000000        1.0000000        1.0000000 
       0.0000000 
       1.0000000        3.5000000        0.0000000        0.0000000 
       0.0000000 
       1.0000000        20.000000        1.0000000        1.0000000 
       0.0000000 
       1.0000000        6.0000000        1.0000000        0.0000000 
       0.0000000 
       1.0000000        3.0000000        0.0000000        0.0000000 
       0.0000000 
       1.0000000        11.500000        0.0000000        0.0000000 
       0.0000000 
       1.0000000        3.5000000        1.0000000        1.0000000 
       0.0000000 
       0.0000000        1.5000000        0.0000000        0.0000000 
       0.0000000 
       0.0000000        2.5000000        0.0000000        0.0000000 
       0.0000000 
       1.0000000        29.000000        1.0000000        1.0000000 
       0.0000000 
       1.0000000        6.5000000        0.0000000        1.0000000 
       0.0000000 
       1.0000000        21.000000        1.0000000        0.0000000 
       0.0000000 
       1.0000000        22.000000        1.0000000        1.0000000 
       0.0000000 
       1.0000000        19.000000        1.0000000        1.0000000 
       0.0000000 
       0.0000000        2.5000000        1.0000000        0.0000000 
       0.0000000 
       0.0000000        2.5000000        1.0000000        0.0000000 
       0.0000000 
       0.0000000        1.0000000        0.0000000        0.0000000 
       0.0000000 
       0.0000000        5.0000000        1.0000000        0.0000000 
       0.0000000 
       1.0000000        14.000000        1.0000000        0.0000000 
       0.0000000 
       1.0000000        26.000000        0.0000000        1.0000000 
       0.0000000 
       1.0000000        8.5000000        0.0000000        0.0000000 
       0.0000000 
       1.0000000        9.0000000        1.0000000        0.0000000 
       0.0000000 
       1.0000000        5.0000000        1.0000000        0.0000000 
       0.0000000 
       1.0000000        7.0000000        1.0000000        1.0000000 
       0.0000000 
       1.0000000        3.0000000        1.0000000        0.0000000 
       1.0000000 
       1.0000000        12.000000        1.0000000        0.0000000 
       0.0000000 
       1.0000000        26.000000        1.0000000        1.0000000 
       0.0000000 
       1.0000000        12.500000        1.0000000        1.0000000 
       0.0000000 
       1.0000000        15.000000        0.0000000        0.0000000 
       0.0000000 
       0.0000000        2.0000000        1.0000000        0.0000000 
       0.0000000 
       0.0000000        5.0000000        0.0000000        1.0000000 
       0.0000000 
       1.0000000        5.0000000        0.0000000        0.0000000 
       0.0000000 
       1.0000000        2.0000000        0.0000000        0.0000000 
       0.0000000 
       1.0000000        4.0000000        0.0000000        0.0000000 
       0.0000000 
       1.0000000        13.000000        1.0000000        0.0000000 
       0.0000000 
       1.0000000        4.0000000        0.0000000        0.0000000 
       0.0000000 
       0.0000000        4.0000000        1.0000000        0.0000000 
       0.0000000 
       1.0000000        6.0000000        0.0000000        0.0000000 
       0.0000000 
       1.0000000        14.000000        1.0000000        0.0000000 
       0.0000000 
       0.0000000        3.0000000        0.0000000        0.0000000 
       0.0000000 
       1.0000000        1.5000000        1.0000000        0.0000000 
       0.0000000 
       1.0000000        9.0000000        0.0000000        0.0000000 
       0.0000000 
       1.0000000        22.000000        1.0000000        0.0000000 
       0.0000000 
       0.0000000        10.000000        1.0000000        0.0000000 
       0.0000000 
       1.0000000        8.0000000        1.0000000        0.0000000 
       0.0000000 
       1.0000000        7.0000000        1.0000000        0.0000000 
       0.0000000 
       1.0000000        22.000000        1.0000000        0.0000000 
       0.0000000 
       1.0000000        11.000000        1.0000000        0.0000000 
       0.0000000 
       1.0000000        20.000000        1.0000000        1.0000000 
       0.0000000 
       1.0000000        3.0000000        1.0000000        0.0000000 
       0.0000000 
       1.0000000        27.000000        1.0000000        1.0000000 
       0.0000000 
       1.0000000        2.5000000        0.0000000        1.0000000 
       1.0000000 
       1.0000000        15.000000        0.0000000        1.0000000 
       0.0000000 
       1.0000000        28.000000        1.0000000        1.0000000 
       0.0000000 
       1.0000000        8.0000000        0.0000000        0.0000000 
       0.0000000 
       0.0000000        6.0000000        0.0000000        1.0000000 
       0.0000000 
       0.0000000        10.500000        0.0000000        0.0000000 
       0.0000000 
       1.0000000        3.5000000        1.0000000        0.0000000 
       0.0000000 
       0.0000000        1.0000000        1.0000000        0.0000000 
       0.0000000 
       1.0000000        14.000000        1.0000000        0.0000000 
       0.0000000 
       0.0000000        1.5000000        0.0000000        1.0000000 
       1.0000000 
       1.0000000        14.000000        1.0000000        0.0000000 
       0.0000000 
       1.0000000        13.500000        1.0000000        0.0000000 
       0.0000000 
       0.0000000        10.500000        1.0000000        1.0000000 
       0.0000000 
       1.0000000        1.5000000        1.0000000        0.0000000 
       1.0000000 
       1.0000000        18.000000        0.0000000        0.0000000 
       0.0000000 
       1.0000000        16.000000        1.0000000        0.0000000 
       0.0000000 
       0.0000000        8.5000000        1.0000000        0.0000000 
       0.0000000 
       1.0000000        11.000000        1.0000000        1.0000000 
       1.0000000 
       1.0000000        22.000000        1.0000000        1.0000000 
       0.0000000 
       0.0000000        3.0000000        0.0000000        0.0000000 
       0.0000000 
       1.0000000        10.000000        1.0000000        1.0000000 
       0.0000000 
       1.0000000        15.000000        0.0000000        0.0000000 
       0.0000000 
       0.0000000        10.000000        0.0000000        1.0000000 
       0.0000000 
       1.0000000        10.000000        1.0000000        0.0000000 
       0.0000000 
       1.0000000        18.000000        1.0000000        1.0000000 
       0.0000000 
       1.0000000        15.000000        0.0000000        1.0000000 
       0.0000000 
       1.0000000        7.0000000        0.0000000        1.0000000 
       0.0000000 
       1.0000000        1.0000000        1.0000000        0.0000000 
       0.0000000 
       1.0000000        15.000000        1.0000000        1.0000000 
       0.0000000 
       1.0000000        14.000000        1.0000000        0.0000000 
       0.0000000 
       1.0000000        13.500000        1.0000000        0.0000000 
       0.0000000 
       1.0000000        9.0000000        1.0000000        0.0000000 
       0.0000000 
       0.0000000        3.5000000        1.0000000        0.0000000 
       0.0000000 
       1.0000000        8.0000000        1.0000000        1.0000000 
       1.0000000 
       0.0000000        13.500000        1.0000000        1.0000000 
       0.0000000 
       1.0000000        4.0000000        1.0000000        0.0000000 
       1.0000000 
       0.0000000        3.5000000        1.0000000        0.0000000 
       0.0000000 
       1.0000000        10.000000        1.0000000        1.0000000 
       0.0000000 
       1.0000000        18.500000        1.0000000        1.0000000 
       0.0000000 
       1.0000000        13.500000        1.0000000        0.0000000 
       0.0000000 
       1.0000000        18.500000        1.0000000        1.0000000 
       0.0000000 
       0.0000000        1.5000000        0.0000000        0.0000000 
       0.0000000 
       1.0000000        2.0000000        1.0000000        1.0000000 
       1.0000000 
       0.0000000        7.5000000        1.0000000        1.0000000 
       1.0000000 
       1.0000000        8.0000000        1.0000000        1.0000000 
       0.0000000 
       1.0000000        1.0000000        1.0000000        1.0000000 
       1.0000000 
       0.0000000        4.5000000        0.0000000        0.0000000 
       0.0000000 
       1.0000000        7.5000000        1.0000000        0.0000000 
       0.0000000 
       1.0000000        24.000000        1.0000000        0.0000000 
       0.0000000 
       0.0000000        6.5000000        0.0000000        1.0000000 
       0.0000000 
       1.0000000        13.000000        0.0000000        0.0000000 
       0.0000000 
       1.0000000        10.500000        1.0000000        1.0000000 
       0.0000000 
       1.0000000        5.5000000        1.0000000        0.0000000 
       0.0000000 
       0.0000000        4.0000000        1.0000000        0.0000000 
       0.0000000 
       1.0000000        4.5000000        0.0000000        1.0000000 
       0.0000000 
       1.0000000        15.000000        1.0000000        0.0000000 
       0.0000000 
       1.0000000        11.000000        1.0000000        1.0000000 
       0.0000000 
       1.0000000        14.000000        0.0000000        1.0000000 
       0.0000000 
       1.0000000        9.0000000        1.0000000        0.0000000 
       0.0000000 
       0.0000000        2.0000000        0.0000000        0.0000000 
       0.0000000 
       1.0000000        18.000000        1.0000000        0.0000000 
       0.0000000 
       1.0000000        1.0000000        0.0000000        0.0000000 
       0.0000000 
       1.0000000        1.0000000        1.0000000        0.0000000 
       1.0000000 
       0.0000000        1.0000000        0.0000000        1.0000000 
       1.0000000 
       1.0000000        1.5000000        0.0000000        0.0000000 
       0.0000000 
       1.0000000        27.000000        1.0000000        0.0000000 
       0.0000000 
       1.0000000        4.0000000        1.0000000        0.0000000 
       1.0000000 
       1.0000000        11.000000        1.0000000        1.0000000 
       0.0000000 
       1.0000000        12.500000        1.0000000        1.0000000 
       0.0000000 
       1.0000000        6.0000000        1.0000000        1.0000000 
       0.0000000 
       1.0000000        1.5000000        0.0000000        0.0000000 
       0.0000000 
       1.0000000        1.0000000        0.0000000        0.0000000 
       0.0000000 
       1.0000000        28.000000        1.0000000        0.0000000 
       0.0000000 
       1.0000000        12.000000        1.0000000        0.0000000 
       0.0000000 
       0.0000000        2.0000000        1.0000000        0.0000000 
       1.0000000 
       1.0000000        1.0000000        0.0000000        1.0000000 
       0.0000000 
       1.0000000        10.000000        1.0000000        0.0000000 
       0.0000000 
       0.0000000        3.0000000        1.0000000        0.0000000 
       0.0000000 
       1.0000000        14.500000        1.0000000        1.0000000 
       0.0000000 
       1.0000000        14.000000        1.0000000        1.0000000 
       0.0000000 
       1.0000000        8.0000000        1.0000000        1.0000000 
       0.0000000 
       1.0000000        2.5000000        1.0000000        0.0000000 
       0.0000000 
       1.0000000        15.000000        1.0000000        0.0000000 
       0.0000000 
       1.0000000        6.0000000        0.0000000        0.0000000 
       0.0000000 
       1.0000000        4.0000000        0.0000000        1.0000000 
       0.0000000 
       0.0000000        1.0000000        0.0000000        1.0000000 
       1.0000000 
       1.0000000        4.0000000        1.0000000        0.0000000 
       0.0000000 
       0.0000000        4.0000000        1.0000000        0.0000000 
       1.0000000 
       1.0000000        14.500000        1.0000000        0.0000000 
       0.0000000 
       1.0000000        1.0000000        1.0000000        0.0000000 
       0.0000000 
       1.0000000        5.0000000        0.0000000        1.0000000 
       0.0000000 
       1.0000000        12.500000        1.0000000        1.0000000 
       0.0000000 
       0.0000000        2.0000000        0.0000000        0.0000000 
       0.0000000 
       1.0000000        5.5000000        1.0000000        0.0000000 
       0.0000000 
       1.0000000        3.0000000        0.0000000        0.0000000 
       0.0000000 
       1.0000000        3.0000000        0.0000000        1.0000000 
       0.0000000 
       1.0000000        11.000000        1.0000000        0.0000000 
       0.0000000 
       1.0000000        4.5000000        1.0000000        0.0000000 
       0.0000000 
       1.0000000        2.5000000        1.0000000        0.0000000 
       0.0000000 
       1.0000000        7.5000000        1.0000000        0.0000000 
       0.0000000 
       1.0000000        18.500000        0.0000000        1.0000000 
       0.0000000 
       1.0000000        3.5000000        0.0000000        0.0000000 
       0.0000000 
       1.0000000        7.5000000        1.0000000        0.0000000 
       0.0000000 
       0.0000000        6.0000000        1.0000000        0.0000000 
       0.0000000 
       1.0000000        19.500000        1.0000000        0.0000000 
       0.0000000 
       1.0000000        14.000000        1.0000000        0.0000000 
       0.0000000 
       1.0000000        9.5000000        1.0000000        0.0000000 
       0.0000000 
       1.0000000        2.5000000        1.0000000        1.0000000 
       0.0000000 
       1.0000000        4.5000000        1.0000000        0.0000000 
       0.0000000 
       1.0000000        7.5000000        1.0000000        0.0000000 
       0.0000000 
       1.0000000        1.0000000        1.0000000        0.0000000 
       0.0000000 
       0.0000000        1.0000000        0.0000000        0.0000000 
       0.0000000 
       1.0000000        1.0000000        0.0000000        0.0000000 
       0.0000000 
       1.0000000        5.0000000        1.0000000        0.0000000 
       0.0000000 
       0.0000000        2.0000000        1.0000000        1.0000000 
       1.0000000 
       1.0000000        15.000000        1.0000000        0.0000000 
       0.0000000 
       0.0000000        2.5000000        1.0000000        1.0000000 
       1.0000000 
       1.0000000        8.0000000        1.0000000        1.0000000 
       0.0000000 
       0.0000000        8.5000000        1.0000000        1.0000000 
       0.0000000 
       1.0000000        1.0000000        1.0000000        0.0000000 
       0.0000000 
       1.0000000        16.000000        0.0000000        0.0000000 
       0.0000000 
       1.0000000        8.5000000        1.0000000        1.0000000 
       0.0000000 
       0.0000000        4.0000000        1.0000000        0.0000000 
       0.0000000 
       1.0000000        19.000000        1.0000000        0.0000000 
       0.0000000 
       0.0000000        1.0000000        0.0000000        0.0000000 
       0.0000000 
       1.0000000        1.5000000        1.0000000        0.0000000 
       0.0000000 
       1.0000000        24.000000        1.0000000        0.0000000 
       0.0000000 
       1.0000000        7.5000000        1.0000000        0.0000000 
       0.0000000 
       1.0000000        1.0000000        1.0000000        1.0000000 
       1.0000000 
       1.0000000        2.0000000        1.0000000        0.0000000 
       0.0000000 
       1.0000000        18.500000        1.0000000        0.0000000 
       0.0000000 
       0.0000000        4.5000000        1.0000000        0.0000000 
       0.0000000 
       1.0000000        2.5000000        1.0000000        0.0000000 
       0.0000000 
       1.0000000        12.000000        0.0000000        0.0000000 
       0.0000000 
       1.0000000        3.0000000        0.0000000        0.0000000 
       0.0000000 
       1.0000000        9.0000000        1.0000000        0.0000000 
       0.0000000 
       1.0000000        20.500000        1.0000000        1.0000000 
       0.0000000 
       0.0000000        9.0000000        1.0000000        1.0000000 
       0.0000000 
       1.0000000        11.000000        1.0000000        0.0000000 
       0.0000000 
       0.0000000        3.0000000        1.0000000        0.0000000 
       0.0000000 
       1.0000000        9.5000000        1.0000000        0.0000000 
       0.0000000 
       1.0000000        4.0000000        0.0000000        0.0000000 
       0.0000000 
       0.0000000        3.0000000        1.0000000        0.0000000 
       0.0000000 
       1.0000000        7.5000000        0.0000000        0.0000000 
       0.0000000 
       1.0000000        20.500000        1.0000000        0.0000000 
       0.0000000 
       0.0000000        2.5000000        0.0000000        1.0000000 
       0.0000000 
       0.0000000        3.5000000        0.0000000        0.0000000 
       0.0000000 
       1.0000000        14.000000        1.0000000        1.0000000 
       0.0000000 
       1.0000000        4.0000000        1.0000000        0.0000000 
       0.0000000 
       1.0000000        5.5000000        1.0000000        0.0000000 
       0.0000000 
       1.0000000        4.0000000        1.0000000        0.0000000 
       0.0000000 
       0.0000000        1.0000000        0.0000000        0.0000000 
       0.0000000 
       1.0000000        3.0000000        0.0000000        1.0000000 
       0.0000000 
       1.0000000        14.000000        1.0000000        0.0000000 
       0.0000000 
       0.0000000        13.500000        1.0000000        0.0000000 
       0.0000000 
       1.0000000        4.0000000        1.0000000        0.0000000 
       0.0000000 
       1.0000000        9.5000000        1.0000000        1.0000000 
       0.0000000 
       1.0000000        17.000000        1.0000000        1.0000000 
       0.0000000 
       1.0000000        11.500000        1.0000000        0.0000000 
       0.0000000 
       0.0000000        1.0000000        1.0000000        0.0000000 
       0.0000000 
       0.0000000        4.5000000        1.0000000        0.0000000 
       0.0000000 
       1.0000000        18.000000        1.0000000        0.0000000 
       0.0000000 
       0.0000000        17.000000        1.0000000        0.0000000 
       0.0000000 
       1.0000000        10.000000        1.0000000        0.0000000 
       0.0000000 
       1.0000000        12.500000        1.0000000        0.0000000 
       0.0000000 
       1.0000000        16.000000        1.0000000        1.0000000 
       0.0000000 
       1.0000000        5.0000000        1.0000000        0.0000000 
       0.0000000 
       1.0000000        8.0000000        0.0000000        0.0000000 
       0.0000000 
       1.0000000        8.0000000        1.0000000        0.0000000 
       0.0000000 
       0.0000000        4.5000000        1.0000000        0.0000000 
       0.0000000 
       1.0000000        1.0000000        1.0000000        0.0000000 
       0.0000000 
       0.0000000        1.5000000        0.0000000        0.0000000 
       0.0000000 
       0.0000000        2.0000000        1.0000000        0.0000000 
       1.0000000 
       1.0000000        12.500000        1.0000000        0.0000000 
       0.0000000 
       1.0000000        7.5000000        1.0000000        0.0000000 
       0.0000000 
       0.0000000        5.0000000        0.0000000        0.0000000 
       0.0000000 
       1.0000000        15.000000        1.0000000        1.0000000 
       1.0000000 
       1.0000000        8.5000000        0.0000000        1.0000000 
       0.0000000 
       1.0000000        1.0000000        1.0000000        0.0000000 
       0.0000000 
       1.0000000        18.500000        1.0000000        0.0000000 
       0.0000000 
       1.0000000        2.0000000        1.0000000        0.0000000 
       0.0000000 
       0.0000000        4.0000000        1.0000000        0.0000000 
       0.0000000 
       0.0000000        10.500000        1.0000000        0.0000000 
       0.0000000 
       1.0000000        4.5000000        0.0000000        0.0000000 
       0.0000000 
       1.0000000        7.0000000        1.0000000        0.0000000 
       0.0000000 
       1.0000000        18.000000        1.0000000        1.0000000 
       0.0000000 
       1.0000000        5.0000000        0.0000000        1.0000000 
       0.0000000 
       1.0000000        21.000000        0.0000000        1.0000000 
       0.0000000 
       1.0000000        9.5000000        0.0000000        1.0000000 
       0.0000000 
       1.0000000        10.000000        1.0000000        0.0000000 
       0.0000000 
       0.0000000        13.000000        1.0000000        0.0000000 
       0.0000000 
       1.0000000        8.5000000        0.0000000        1.0000000 
       0.0000000 
       1.0000000        22.000000        0.0000000        0.0000000 
       0.0000000 
       1.0000000        1.0000000        1.0000000        1.0000000 
       1.0000000 
       1.0000000        9.0000000        0.0000000        0.0000000 
       0.0000000 
       1.0000000        20.000000        0.0000000        0.0000000 
       0.0000000 
       1.0000000        3.5000000        1.0000000        0.0000000 
       0.0000000 
       1.0000000        15.000000        0.0000000        0.0000000 
       0.0000000 
       1.0000000        3.0000000        1.0000000        0.0000000 
       0.0000000 
       0.0000000        10.000000        0.0000000        0.0000000 
       0.0000000 
       1.0000000        6.5000000        1.0000000        0.0000000 
       0.0000000 
       0.0000000        8.0000000        1.0000000        0.0000000 
       0.0000000 
       1.0000000        21.000000        1.0000000        0.0000000 
       0.0000000 
       0.0000000        8.5000000        1.0000000        0.0000000 
       0.0000000 
       1.0000000        13.500000        1.0000000        0.0000000 
       0.0000000 
       1.0000000        5.0000000        0.0000000        0.0000000 
       0.0000000 
       1.0000000        23.500000        1.0000000        0.0000000 
       0.0000000 
       1.0000000        1.5000000        1.0000000        0.0000000 
       0.0000000 
       1.0000000        6.5000000        1.0000000        0.0000000 
       0.0000000 
       0.0000000        1.0000000        1.0000000        0.0000000 
       0.0000000 
       0.0000000        1.0000000        1.0000000        0.0000000 
       0.0000000 
       1.0000000        10.000000        1.0000000        1.0000000 
       0.0000000 
       1.0000000        9.0000000        1.0000000        0.0000000 
       0.0000000 
       1.0000000        16.000000        1.0000000        0.0000000 
       0.0000000 
       1.0000000        1.5000000        1.0000000        0.0000000 
       0.0000000 
       0.0000000        1.0000000        0.0000000        0.0000000 
       0.0000000 
       0.0000000        2.0000000        0.0000000        0.0000000 
       0.0000000 
       1.0000000        7.0000000        1.0000000        0.0000000 
       0.0000000 
       1.0000000        5.5000000        1.0000000        0.0000000 
       0.0000000 
       1.0000000        5.0000000        0.0000000        0.0000000 
       0.0000000 
       0.0000000        13.000000        0.0000000        1.0000000 
       0.0000000 
       1.0000000        2.5000000        0.0000000        0.0000000 
       0.0000000 
       1.0000000        5.0000000        0.0000000        0.0000000 
       0.0000000 
       0.0000000        9.0000000        0.0000000        1.0000000 
       0.0000000 
       1.0000000        5.0000000        1.0000000        0.0000000 
       0.0000000 
       1.0000000        10.000000        0.0000000        0.0000000 
       0.0000000 
       1.0000000        10.000000        1.0000000        0.0000000 
       0.0000000 
       1.0000000        11.000000        0.0000000        0.0000000 
       0.0000000 
       1.0000000        15.000000        1.0000000        0.0000000 
       0.0000000 
       1.0000000        10.500000        1.0000000        1.0000000 
       1.0000000 
       0.0000000        1.0000000        0.0000000        0.0000000 
       0.0000000 
       1.0000000        4.5000000        1.0000000        0.0000000 
       0.0000000 
       0.0000000        2.0000000        1.0000000        0.0000000 
       0.0000000 
       1.0000000        6.5000000        1.0000000        0.0000000 
       0.0000000 
       0.0000000        6.5000000        1.0000000        0.0000000 
       0.0000000 
       1.0000000        6.0000000        0.0000000        0.0000000 
       0.0000000 
       1.0000000        7.0000000        1.0000000        0.0000000 
       0.0000000 
       1.0000000        16.000000        0.0000000        0.0000000 
       0.0000000 
       1.0000000        12.500000        1.0000000        0.0000000 
       0.0000000 
       1.0000000        20.000000        1.0000000        1.0000000 
       0.0000000 
       1.0000000        2.0000000        1.0000000        0.0000000 
       0.0000000 
       1.0000000        9.5000000        1.0000000        0.0000000 
       0.0000000 
       0.0000000        2.0000000        1.0000000        0.0000000 
       0.0000000 
       0.0000000        9.0000000        1.0000000        1.0000000 
       1.0000000 
       1.0000000        1.0000000        1.0000000        0.0000000 
       0.0000000 
       1.0000000        13.000000        1.0000000        1.0000000 
       0.0000000 
       0.0000000        4.5000000        0.0000000        0.0000000 
       0.0000000 
       1.0000000        23.000000        1.0000000        0.0000000 
       0.0000000 
       1.0000000        23.000000        1.0000000        0.0000000 
       0.0000000 
       1.0000000        5.5000000        0.0000000        1.0000000 
       0.0000000 
       1.0000000        1.0000000        0.0000000        1.0000000 
       0.0000000 
       1.0000000        15.000000        1.0000000        0.0000000 
       0.0000000 
       1.0000000        2.0000000        0.0000000        1.0000000 
       0.0000000 
       1.0000000        10.000000        1.0000000        0.0000000 
       0.0000000 
       1.0000000        8.5000000        1.0000000        0.0000000 
       0.0000000 
       1.0000000        19.500000        1.0000000        0.0000000 
       0.0000000 
       1.0000000        5.5000000        0.0000000        0.0000000 
       0.0000000 
       1.0000000        1.5000000        1.0000000        0.0000000 
       0.0000000 
       1.0000000        8.0000000        1.0000000        1.0000000 
       0.0000000 
       1.0000000        5.0000000        0.0000000        0.0000000 
       0.0000000 
       1.0000000        3.0000000        0.0000000        0.0000000 
       0.0000000 
       1.0000000        6.5000000        0.0000000        1.0000000 
       0.0000000 
       0.0000000        7.0000000        1.0000000        1.0000000 
       1.0000000 
       1.0000000        1.0000000        1.0000000        0.0000000 
       0.0000000 
       0.0000000        7.5000000        1.0000000        0.0000000 
       0.0000000 
       1.0000000        24.000000        1.0000000        0.0000000 
       0.0000000 
       1.0000000        15.000000        1.0000000        0.0000000 
       0.0000000 
       1.0000000        3.0000000        1.0000000        1.0000000 
       0.0000000 
       1.0000000        8.5000000        1.0000000        0.0000000 
       0.0000000 
       0.0000000        2.5000000        0.0000000        1.0000000 
       0.0000000 
       1.0000000        8.5000000        1.0000000        0.0000000 
       0.0000000 
       1.0000000        14.000000        1.0000000        0.0000000 
       0.0000000 
       0.0000000        4.5000000        0.0000000        1.0000000 
       0.0000000 
       0.0000000        3.0000000        0.0000000        1.0000000 
       0.0000000 
