
       3.8000000        8.1000000 
       5.9000000       -1.2000000 
       5.3000000        1.3000000 
       3.3000000        7.9000000 
       3.0000000        1.9000000 
       2.9000000       0.80000000 
       5.5000000       0.70000000 
       4.4000000      -0.40000000 
       4.1000000        1.5000000 
       4.3000000        3.3000000 
       6.8000000        2.8000000 
       5.5000000       0.70000000 
       5.5000000        1.7000000 
       6.7000000        1.0000000 
       5.5000000        1.0000000 
       5.7000000        1.3000000 
       5.2000000        1.3000000 
       4.5000000        1.6000000 
       3.8000000        2.9000000 
       3.8000000        3.1000000 
       3.6000000        4.2000000 
       3.5000000        5.5000000 
       4.9000000        5.7000000 
       5.9000000        4.4000000 
       5.6000000        3.2000000 
       4.9000000        6.2000000 
       5.6000000        11.000000 
       8.5000000        9.1000000 
       7.7000000        5.8000000 
       7.1000000        6.5000000 
       6.1000000        7.6000000 
       5.8000000        11.300000 
       7.1000000        13.500000 
       7.6000000        10.300000 
       9.7000000        6.2000000 
       9.6000000        3.2000000 
       7.5000000        4.3000000 
       7.2000000        3.6000000 
       7.0000000        1.9000000 
       6.2000000        3.6000000 
       5.5000000        4.1000000 
       5.3000000        4.8000000 
       5.6000000        5.4000000 
       6.8000000        4.2000000 
       7.5000000        3.0000000 
       6.9000000        3.0000000 
       6.1000000        2.6000000 
       5.6000000        2.8000000 
       5.4000000        3.0000000 
