317.6 392.8
331.7 411.5
342.1 429.0
363.3 456.7
382.7 479.6
411.4 514.6
4443.8 555.7
480.9 603.9
507.8 648.3
558.0 712.0
605.2 778.5
648.5 838.8
701.9 903.5
770.6 992.7
852.4 1110.7
933.4 1222.6
1034.4 1335.0
5151.9 1474.8
1278.6 1633.2
1428.5 1837.7
1592.2 2062.2
1757.1 2307.9
1941.1 2591.3
2077.3 2775.3
2290.6 2960.7
2503.3 3289.5
2720.3 3526.7
2899.7 3722.4
3100.2 3947.4
3353.6 4253.7
3598.5 4587.8
3839.9 4878.6
3986.1 5051.0
4235.3 5362.0
4477.9 5558.5
4743.3 5842.5
4975.8 6152.3
4256.8 6520.6
5547.4 6915.1
5879.5 7423.0
6282.5 7802.4
6739.4 8429.7
7045.4 8713.1
7385.3 8910.3