
6329213.00000   12.00000  142.08330  289.00000   19.25000   89.66666 
 989.00000   75.00000    0.00000    0.00000   18.84423   10.87780 
3375000.00000    8.00000  114.75000  259.00000    9.12500   50.87500 
 968.00000   25.00000    1.00000    0.00000   18.84423   10.87780 
3100000.00000    5.00000  150.20000  299.00000    9.20000   74.00000 
 994.00000    0.00000    0.00000    0.00000   18.84423   10.87780 
2900000.00000    8.00000  132.00000  245.00000   13.37500   50.62500 
 971.00000    0.00000    0.00000    0.00000   18.84423   10.87780 
1650000.00000   12.00000   99.66666  258.00000   10.33333   36.41667 
 977.00000    0.00000    1.00000    0.00000   18.84423   10.87780 
700000.00000   17.00000  119.52940  286.00000    2.35294   66.82353  987.00000 
  11.76471    1.00000    0.00000   18.84423   10.87780 
695000.00000    4.00000   98.50000  234.00000    9.25000   44.75000  965.00000 
   0.00000    0.00000    1.00000   18.84423   10.87780 
275000.00000   10.00000   43.20000  239.00000    1.30000    7.80000  990.00000 
   0.00000    0.00000    0.00000   18.84423   10.87780 
235000.00000    4.00000   55.75000  240.00000    0.25000    9.25000  963.00000 
   0.00000    0.00000    1.00000   18.84423   10.87780 
212500.00000    3.00000   52.00000  267.00000    3.33333   15.00000  971.00000 
   0.00000    1.00000    0.00000   18.84423   10.87780 
212500.00000    2.00000   84.50000  248.00000    7.00000   20.50000  993.00000 
   0.00000    0.00000    0.00000   18.84423   10.87780 
180000.00000    2.00000   43.50000  252.00000    0.50000   12.50000  977.00000 
   0.00000    0.00000    1.00000   18.84423   10.87780 
3400000.00000    7.00000  112.71430  264.00000   12.14286   44.57143 
 980.00000   57.14286    0.00000    1.00000   14.45398   25.95005 
2000000.00000    2.00000   22.50000  182.00000    0.50000    3.50000 
1000.00000    0.00000    0.00000    1.00000   14.45398   25.95005 
1250000.00000    4.00000  110.50000  259.00000    8.75000   57.50000 
 973.00000    0.00000    0.00000    1.00000   14.45398   25.95005 
825000.00000    6.00000   88.00000  246.00000    1.33333   29.66667  970.00000 
  33.33333    0.00000    0.00000   14.45398   25.95005 
750000.00000    7.00000  100.14290  292.00000    3.00000   39.28571  989.00000 
   0.00000    0.00000    0.00000   14.45398   25.95005 
200000.00000    5.00000   95.60000  260.00000    5.20000   31.00000  972.00000 
   0.00000    1.00000    0.00000   14.45398   25.95005 
190000.00000    2.00000   84.00000  271.00000    1.50000   21.00000  957.00000 
   0.00000    0.00000    0.00000   14.45398   25.95005 
138000.00000    3.00000   36.33333  215.00000    2.66667    6.33333  987.00000 
   0.00000    0.00000    0.00000   14.45398   25.95005 
136000.00000    2.00000   43.00000  223.00000    2.00000    9.50000 1000.00000 
   0.00000    0.00000    0.00000   14.45398   25.95005 
125000.00000    2.00000   18.50000  252.00000    0.00000    6.50000  992.00000 
   0.00000    0.00000    0.00000   14.45398   25.95005 
123000.00000    1.00000   32.00000  293.00000    0.00000   14.00000  967.00000 
   0.00000    1.00000    0.00000   14.45398   25.95005 
123000.00000    3.00000   12.66667  208.00000    0.00000    3.00000 1000.00000 
   0.00000    1.00000    0.00000   14.45398   25.95005 
6200000.00000    7.00000  149.42860  279.00000   19.28572   81.71429 
 958.00000   57.14286    1.00000    0.00000   17.52836   14.80268 
3375000.00000   16.00000  152.75000  290.00000   25.87500   83.93750 
 993.00000   50.00000    1.00000    0.00000   17.52836   14.80268 
2312500.00000    8.00000  127.62500  265.00000    2.25000   81.00000 
 974.00000   25.00000    1.00000    0.00000   17.52836   14.80268 
2300000.00000   10.00000  132.80000  285.00000    4.80000   67.50000 
 980.00000   40.00000    0.00000    1.00000   17.52836   14.80268 
2150000.00000   11.00000  116.27270  253.00000   18.54545   61.09091 
 939.00000   18.18182    0.00000    0.00000   17.52836   14.80268 
650000.00000    9.00000  103.33330  278.00000    4.11111   42.66667  985.00000 
   0.00000    0.00000    0.00000   17.52836   14.80268 
635000.00000   10.00000   41.10000  250.00000    1.20000   13.30000  959.00000 
   0.00000    1.00000    0.00000   17.52836   14.80268 
500000.00000    7.00000   48.42857  205.00000    1.71429   12.42857  988.00000 
   0.00000    0.00000    0.00000   17.52836   14.80268 
475000.00000    6.00000   88.83334  271.00000    1.33333   33.16667  993.00000 
   0.00000    0.00000    0.00000   17.52836   14.80268 
195000.00000    3.00000   60.00000  200.00000    2.66667   15.00000  995.00000 
   0.00000    0.00000    0.00000   17.52836   14.80268 
109000.00000    1.00000   30.00000  222.00000    3.00000   15.00000  988.00000 
   0.00000    1.00000    0.00000   17.52836   14.80268 
2466667.00000    8.00000  116.37500  285.00000    6.50000   66.62500 
 989.00000   12.50000    0.00000    0.00000   18.75563    3.84996 
2450000.00000    7.00000  132.85710  297.00000   11.28571   62.00000 
 994.00000   28.57143    0.00000    0.00000   18.75563    3.84996 
2416667.00000    9.00000   78.44444  233.00000    8.33333   29.22222 
 986.00000   11.11111    0.00000    0.00000   18.75563    3.84996 
2000000.00000    7.00000  112.57140  255.00000    7.57143   52.57143 
 959.00000    0.00000    0.00000    1.00000   18.75563    3.84996 
1375000.00000    9.00000  108.88890  281.00000    4.11111   44.22222 
 981.00000    0.00000    1.00000    0.00000   18.75563    3.84996 
1050000.00000    7.00000  129.14290  246.00000   20.85714   57.42857 
 964.00000    0.00000    0.00000    0.00000   18.75563    3.84996 
1000000.00000    5.00000  100.00000  281.00000    8.20000   41.40000 
 993.00000    0.00000    1.00000    0.00000   18.75563    3.84996 
600000.00000    9.00000   77.55556  277.00000    2.77778   27.88889  987.00000 
   0.00000    0.00000    0.00000   18.75563    3.84996 
600000.00000    3.00000   94.66666  263.00000   12.66667   45.33333  950.00000 
   0.00000    0.00000    0.00000   18.75563    3.84996 
300000.00000    3.00000   83.33334  257.00000    1.66667   31.33333  988.00000 
   0.00000    0.00000    0.00000   18.75563    3.84996 
250000.00000    3.00000   65.00000  250.00000    8.00000   28.66667  978.00000 
   0.00000    1.00000    0.00000   18.75563    3.84996 
150000.00000    4.00000   39.75000  182.00000    0.50000   10.25000  972.00000 
   0.00000    0.00000    1.00000   18.75563    3.84996 
122500.00000    2.00000   27.00000  209.00000    0.50000    5.50000  930.00000 
   0.00000    1.00000    0.00000   18.75563    3.84996 
4950000.00000   10.00000  139.00000  276.00000   14.40000   72.00000 
 986.00000   20.00000    0.00000    0.00000    8.00755    0.57539 
2600000.00000    7.00000   95.57143  257.00000    5.57143   49.85714 
 968.00000    0.00000    0.00000    0.00000    8.00755    0.57539 
2350000.00000    9.00000   81.77778  269.00000    1.77778   18.44444 
 992.00000    0.00000    0.00000    0.00000    8.00755    0.57539 
1066667.00000   11.00000   91.27273  280.00000    5.36364   29.09091 
 985.00000    0.00000    0.00000    0.00000    8.00755    0.57539 
1000000.00000   15.00000   98.33334  289.00000    6.00000   56.86666 
 964.00000    6.66667    1.00000    0.00000    8.00755    0.57539 
675000.00000    4.00000   91.25000  230.00000    9.25000   37.25000  975.00000 
   0.00000    0.00000    0.00000    8.00755    0.57539 
675000.00000    6.00000   71.83334  249.00000    4.83333   20.00000  983.00000 
   0.00000    1.00000    0.00000    8.00755    0.57539 
360000.00000   10.00000   95.20000  244.00000    2.60000   21.50000  976.00000 
   0.00000    0.00000    0.00000    8.00755    0.57539 
305000.00000    3.00000   93.00000  260.00000    5.33333   45.33333  991.00000 
   0.00000    0.00000    1.00000    8.00755    0.57539 
120000.00000    3.00000   12.66667  239.00000    0.00000    2.33333  969.00000 
   0.00000    0.00000    1.00000    8.00755    0.57539 
112000.00000    2.00000   46.00000  253.00000    0.00000   13.00000  961.00000 
   0.00000    0.00000    0.00000    8.00755    0.57539 
109000.00000    1.00000   12.00000  167.00000    0.00000    1.00000 1000.00000 
   0.00000    1.00000    0.00000    8.00755    0.57539 
109000.00000    1.00000   10.00000  571.00000    0.00000    2.00000  800.00000 
   0.00000    1.00000    0.00000    8.00755    0.57539 
3897184.00000   15.00000  147.20000  261.00000    1.46667   71.93333 
 979.00000   80.00000    1.00000    0.00000   17.38131    1.06847 
2650000.00000    6.00000  102.83330  278.00000    8.66667   52.00000 
 964.00000    0.00000    0.00000    0.00000   17.38131    1.06847 
2575000.00000    6.00000   84.66666  255.00000    2.16667   19.83333 
 993.00000   16.66667    0.00000    0.00000   17.38131    1.06847 
2050000.00000    9.00000  111.22220  261.00000    1.33333   32.00000 
 983.00000    0.00000    0.00000    1.00000   17.38131    1.06847 
1025000.00000    4.00000  113.25000  261.00000    8.50000   49.00000 
 966.00000    0.00000    0.00000    0.00000   17.38131    1.06847 
966667.00000   10.00000   97.20000  263.00000    5.20000   34.60000  987.00000 
   0.00000    1.00000    0.00000   17.38131    1.06847 
508333.00000    3.00000   99.00000  251.00000    6.66667   43.66667  979.00000 
   0.00000    1.00000    0.00000   17.38131    1.06847 
290000.00000    3.00000  114.33330  274.00000   10.66667   60.66667  990.00000 
   0.00000    1.00000    0.00000   17.38131    1.06847 
225000.00000    3.00000   58.00000  242.00000    7.33333   15.33333  983.00000 
   0.00000    0.00000    1.00000   17.38131    1.06847 
175000.00000    3.00000   76.66666  270.00000    4.33333   31.66667  982.00000 
   0.00000    1.00000    0.00000   17.38131    1.06847 
170000.00000    3.00000   61.33333  273.00000    4.00000   24.66667  981.00000 
   0.00000    0.00000    1.00000   17.38131    1.06847 
160000.00000    3.00000   78.00000  224.00000    1.00000   17.00000  976.00000 
   0.00000    0.00000    1.00000   17.38131    1.06847 
3700000.00000    6.00000  116.83330  259.00000   18.50000   67.00000 
 967.00000   16.66667    1.00000    0.00000   73.96003    5.74367 
2815000.00000   10.00000   86.90000  257.00000    0.60000   38.10000 
 987.00000    0.00000    1.00000    0.00000   73.96003    5.74367 
2250000.00000    9.00000  137.77780  273.00000    9.66667   66.22222 
 958.00000   11.11111    1.00000    0.00000   73.96003    5.74367 
2000000.00000    6.00000   96.33334  262.00000    8.16667   39.50000 
 959.00000    0.00000    0.00000    0.00000   73.96003    5.74367 
1775000.00000    4.00000   99.00000  269.00000   17.75000   57.00000 
 976.00000    0.00000    1.00000    0.00000   73.96003    5.74367 
1600000.00000   10.00000   92.50000  262.00000    8.10000   31.10000 
 991.00000    0.00000    0.00000    0.00000   73.96003    5.74367 
1000000.00000    4.00000   55.50000  245.00000    4.25000   25.25000 
 974.00000    0.00000    1.00000    0.00000   73.96003    5.74367 
975000.00000    6.00000   63.16667  236.00000    4.66667   16.33333  985.00000 
   0.00000    0.00000    0.00000   73.96003    5.74367 
925000.00000    4.00000   82.75000  247.00000    4.00000   27.25000  994.00000 
  25.00000    0.00000    0.00000   73.96003    5.74367 
800000.00000   11.00000   70.63636  223.00000    0.09091   15.54545  973.00000 
   0.00000    0.00000    1.00000   73.96003    5.74367 
675000.00000    7.00000   80.28571  248.00000    2.85714   27.85714  979.00000 
   0.00000    0.00000    0.00000   73.96003    5.74367 
550000.00000    5.00000   84.60000  226.00000    2.00000   21.60000  982.00000 
   0.00000    0.00000    0.00000   73.96003    5.74367 
205000.00000    2.00000   99.50000  246.00000   13.00000   33.00000  991.00000 
   0.00000    0.00000    0.00000   73.96003    5.74367 
181500.00000    4.00000   31.50000  257.00000    3.25000    6.00000  985.00000 
   0.00000    0.00000    1.00000   73.96003    5.74367 
5700000.00000    7.00000  119.28570  296.00000   10.00000   68.28571 
 973.00000   57.14286    1.00000    0.00000   11.71425    0.54087 
3900000.00000    6.00000  106.00000  299.00000    3.33333   63.00000 
 972.00000   16.66667    1.00000    0.00000   11.71425    0.54087 
3750000.00000    8.00000  112.50000  276.00000   21.37500   58.62500 
 963.00000   25.00000    1.00000    0.00000   11.71425    0.54087 
3133333.00000    6.00000  106.33330  280.00000    9.33333   53.33333 
 984.00000   16.66667    1.00000    0.00000   11.71425    0.54087 
3100000.00000    5.00000  123.20000  273.00000   16.00000   68.40000 
 962.00000   60.00000    0.00000    0.00000   11.71425    0.54087 
1275000.00000    5.00000   77.60000  304.00000    5.40000   33.20000 
 995.00000    0.00000    0.00000    0.00000   11.71425    0.54087 
1200000.00000    4.00000  101.75000  247.00000    8.00000   27.50000 
 989.00000    0.00000    0.00000    0.00000   11.71425    0.54087 
700000.00000   10.00000  131.00000  260.00000   12.80000   71.80000  973.00000 
  30.00000    0.00000    1.00000   11.71425    0.54087 
475000.00000    6.00000   92.33334  256.00000   10.33333   43.00000  992.00000 
   0.00000    1.00000    0.00000   11.71425    0.54087 
400000.00000    5.00000   71.00000  242.00000    1.60000   14.20000  969.00000 
   0.00000    0.00000    0.00000   11.71425    0.54087 
200000.00000    2.00000   62.50000  264.00000    6.50000   34.00000  980.00000 
   0.00000    1.00000    0.00000   11.71425    0.54087 
120000.00000    1.00000   34.00000  275.00000    0.00000    6.00000  952.00000 
   0.00000    0.00000    1.00000   11.71425    0.54087 
1200000.00000    5.00000  106.00000  250.00000    9.60000   33.60000 
 953.00000    0.00000    1.00000    0.00000    5.09488   11.78930 
725000.00000    5.00000   84.80000  254.00000    7.60000   28.80000  979.00000 
   0.00000    0.00000    0.00000    5.09488   11.78930 
690000.00000    5.00000   68.00000  237.00000    5.60000   17.60000  991.00000 
   0.00000    1.00000    0.00000    5.09488   11.78930 
670000.00000    4.00000   76.00000  262.00000    0.75000   18.25000  985.00000 
   0.00000    0.00000    0.00000    5.09488   11.78930 
600000.00000    8.00000  117.75000  267.00000   14.50000   54.00000  992.00000 
  12.50000    0.00000    1.00000    5.09488   11.78930 
550000.00000    9.00000   98.00000  250.00000    7.22222   35.66667  976.00000 
   0.00000    1.00000    0.00000    5.09488   11.78930 
350000.00000    3.00000   96.66666  283.00000    0.00000   48.33333  971.00000 
   0.00000    1.00000    0.00000    5.09488   11.78930 
310000.00000    6.00000  100.83330  246.00000    0.50000   41.50000  992.00000 
   0.00000    1.00000    0.00000    5.09488   11.78930 
225000.00000   17.00000  126.70590  266.00000   23.41176   11.52941  982.00000 
  41.17647    0.00000    0.00000    5.09488   11.78930 
167500.00000    2.00000   49.00000  246.00000    0.50000   12.50000  974.00000 
   0.00000    0.00000    1.00000    5.09488   11.78930 
120000.00000    2.00000   10.50000  238.00000    0.00000    1.00000  963.00000 
   0.00000    0.00000    1.00000    5.09488   11.78930 
3150000.00000    6.00000  115.66670  256.00000    7.33333   45.16667 
 952.00000    0.00000    0.00000    0.00000   16.86582   19.57592 
3050000.00000    5.00000  129.00000  274.00000    6.00000   61.20000 
 987.00000   40.00000    0.00000    0.00000   16.86582   19.57592 
2900000.00000    4.00000  136.00000  276.00000    4.50000   62.25000 
 986.00000    0.00000    0.00000    0.00000   16.86582   19.57592 
775000.00000    6.00000  106.83330  250.00000    1.50000   29.16667  981.00000 
   0.00000    0.00000    0.00000   16.86582   19.57592 
655000.00000    2.00000  159.00000  283.00000   16.50000   83.00000  993.00000 
   0.00000    0.00000    0.00000   16.86582   19.57592 
500000.00000   11.00000  115.18180  269.00000    9.45454   46.27273  982.00000 
   9.09091    1.00000    0.00000   16.86582   19.57592 
500000.00000    7.00000  111.28570  260.00000   10.28571   40.42857  982.00000 
   0.00000    0.00000    0.00000   16.86582   19.57592 
400000.00000    9.00000  110.33330  241.00000    2.11111   33.66667  970.00000 
   0.00000    0.00000    1.00000   16.86582   19.57592 
350000.00000    4.00000   71.25000  210.00000    8.50000   22.25000  976.00000 
   0.00000    1.00000    0.00000   16.86582   19.57592 
325000.00000    3.00000   90.33334  247.00000    7.66667   30.66667  988.00000 
   0.00000    0.00000    1.00000   16.86582   19.57592 
162500.00000    2.00000   65.00000  226.00000    2.50000   14.00000  990.00000 
   0.00000    0.00000    0.00000   16.86582   19.57592 
156500.00000    2.00000   46.50000  227.00000    0.00000    6.00000  994.00000 
   0.00000    0.00000    0.00000   16.86582   19.57592 
135000.00000    3.00000   48.33333  207.00000    3.66667   14.00000  944.00000 
   0.00000    0.00000    1.00000   16.86582   19.57592 
130000.00000    2.00000   41.00000  195.00000    0.00000    7.50000  975.00000 
   0.00000    0.00000    0.00000   16.86582   19.57592 
3800000.00000   10.00000  129.10000  262.00000   28.50000   76.80000 
 979.00000   80.00000    1.00000    0.00000    7.98687   31.03750 
3362500.00000   13.00000  135.92310  259.00000   15.69231   56.69231 
 964.00000   38.46154    0.00000    0.00000    7.98687   31.03750 
3333333.00000   12.00000  139.83330  288.00000    3.66667   87.33334 
 992.00000    8.33333    0.00000    0.00000    7.98687   31.03750 
2500000.00000    6.00000  119.16670  280.00000    2.83333   60.16667 
 979.00000    0.00000    0.00000    0.00000    7.98687   31.03750 
1500000.00000    7.00000  121.71430  244.00000   18.85714   51.42857 
 978.00000    0.00000    0.00000    0.00000    7.98687   31.03750 
1000000.00000    9.00000  103.55560  265.00000   20.22222   63.88889 
 984.00000   22.22222    1.00000    0.00000    7.98687   31.03750 
970000.00000    6.00000   79.50000  283.00000    1.33333   22.50000  966.00000 
  16.66667    1.00000    0.00000    7.98687   31.03750 
900000.00000    5.00000  109.60000  279.00000    1.60000   38.20000  954.00000 
   0.00000    1.00000    0.00000    7.98687   31.03750 
600000.00000   10.00000  104.10000  266.00000    6.30000   45.60000  980.00000 
   0.00000    0.00000    0.00000    7.98687   31.03750 
435000.00000    2.00000   81.50000  252.00000   10.00000   31.50000  993.00000 
   0.00000    0.00000    0.00000    7.98687   31.03750 
300000.00000    3.00000   76.66666  241.00000    0.66667   28.00000  938.00000 
   0.00000    0.00000    1.00000    7.98687   31.03750 
175000.00000    3.00000   31.33333  251.00000    1.00000    4.66667  980.00000 
   0.00000    0.00000    1.00000    7.98687   31.03750 
126000.00000    1.00000   21.00000  232.00000    1.00000    5.00000  990.00000 
   0.00000    0.00000    0.00000    7.98687   31.03750 
4250000.00000    7.00000  126.14290  279.00000   27.28572   73.00000 
 992.00000   14.28571    1.00000    0.00000    6.26611   20.09096 
4083333.00000   11.00000  133.00000  327.00000    5.36364   76.54546 
 986.00000   72.72727    1.00000    0.00000    6.26611   20.09096 
3110000.00000    5.00000   88.00000  283.00000   10.80000   45.00000 
 949.00000   20.00000    1.00000    0.00000    6.26611   20.09096 
1750000.00000    7.00000  124.71430  250.00000    4.57143   48.42857 
 962.00000   14.28571    0.00000    0.00000    6.26611   20.09096 
762500.00000   10.00000   97.70000  254.00000    7.90000   38.90000  979.00000 
   0.00000    0.00000    0.00000    6.26611   20.09096 
300000.00000   13.00000  110.84620  259.00000    5.23077   30.61539  988.00000 
  15.38461    0.00000    0.00000    6.26611   20.09096 
245000.00000    3.00000   58.33333  268.00000    6.00000   24.66667  975.00000 
   0.00000    0.00000    0.00000    6.26611   20.09096 
165000.00000    2.00000   39.50000  228.00000    1.00000   14.00000  984.00000 
   0.00000    1.00000    0.00000    6.26611   20.09096 
149000.00000    5.00000   26.20000  242.00000    0.20000    4.40000  958.00000 
   0.00000    0.00000    0.00000    6.26611   20.09096 
109000.00000    1.00000   15.00000  304.00000    1.00000    1.00000  941.00000 
   0.00000    0.00000    1.00000    6.26611   20.09096 
4750000.00000    7.00000  146.85710  301.00000   23.14286   86.42857 
 993.00000   71.42857    0.00000    0.00000    9.04970   16.33065 
4416667.00000    7.00000  144.28570  275.00000   25.14286   96.00000 
 985.00000   28.57143    1.00000    0.00000    9.04970   16.33065 
2312500.00000   11.00000  132.90910  298.00000    5.18182   70.27273 
 977.00000   36.36364    1.00000    0.00000    9.04970   16.33065 
2250000.00000    6.00000  113.66670  241.00000   20.16667   48.83333 
 960.00000   16.66667    0.00000    0.00000    9.04970   16.33065 
1900000.00000    7.00000  140.42860  258.00000   12.14286   69.57143 
 981.00000   14.28571    0.00000    0.00000    9.04970   16.33065 
1100000.00000    7.00000  119.42860  269.00000    5.57143   47.00000 
 981.00000    0.00000    0.00000    1.00000    9.04970   16.33065 
735000.00000    6.00000   52.50000  231.00000    0.83333   11.00000  988.00000 
   0.00000    0.00000    0.00000    9.04970   16.33065 
500000.00000    6.00000  120.33330  253.00000    8.33333   42.83333  994.00000 
   0.00000    0.00000    0.00000    9.04970   16.33065 
325000.00000    9.00000   60.00000  233.00000    1.44444   11.44444  988.00000 
   0.00000    0.00000    0.00000    9.04970   16.33065 
300000.00000    6.00000   62.16667  258.00000    5.16667   17.83333  980.00000 
   0.00000    0.00000    0.00000    9.04970   16.33065 
172500.00000    3.00000   65.66666  237.00000    0.66667   27.66667 1000.00000 
   0.00000    0.00000    0.00000    9.04970   16.33065 
155000.00000    2.00000   53.50000  216.00000    2.00000   15.50000  968.00000 
   0.00000    1.00000    0.00000    9.04970   16.33065 
5359973.00000   12.00000  150.00000  277.00000   22.75000   86.91666 
 978.00000   83.33334    0.00000    0.00000   26.15394    1.28039 
3800000.00000    9.00000  109.44440  262.00000   21.00000   55.77778 
 992.00000   22.22222    0.00000    0.00000   26.15394    1.28039 
3025000.00000    6.00000   97.33334  259.00000   10.50000   45.33333 
 988.00000    0.00000    1.00000    0.00000   26.15394    1.28039 
1855000.00000    5.00000  109.80000  238.00000    6.20000   47.80000 
 983.00000   20.00000    0.00000    0.00000   26.15394    1.28039 
1650000.00000   10.00000  115.50000  260.00000    1.70000   54.30000 
 978.00000   20.00000    1.00000    0.00000   26.15394    1.28039 
1100000.00000   13.00000  141.84620  286.00000   18.53846   66.53846 
 978.00000   38.46154    1.00000    0.00000   26.15394    1.28039 
350000.00000    4.00000   58.00000  250.00000    8.00000   23.00000  996.00000 
   0.00000    0.00000    0.00000   26.15394    1.28039 
312500.00000    3.00000   89.00000  249.00000   11.00000   35.00000  957.00000 
   0.00000    0.00000    1.00000   26.15394    1.28039 
300000.00000    7.00000   57.42857  229.00000    0.71429   23.28572  974.00000 
   0.00000    0.00000    0.00000   26.15394    1.28039 
237500.00000    3.00000   80.33334  254.00000    1.66667   16.66667  993.00000 
   0.00000    0.00000    0.00000   26.15394    1.28039 
197500.00000    2.00000   75.00000  268.00000    9.00000   29.00000  978.00000 
   0.00000    0.00000    1.00000   26.15394    1.28039 
120000.00000    2.00000   21.00000  173.00000    0.00000    8.50000  969.00000 
   0.00000    0.00000    1.00000   26.15394    1.28039 
4875000.00000   17.00000  135.88240  282.00000   23.47059   74.05882 
 984.00000   47.05882    1.00000    0.00000    5.77369    4.66610 
3325000.00000    8.00000  103.87500  306.00000   10.50000   52.25000 
 979.00000   25.00000    0.00000    0.00000    5.77369    4.66610 
3000000.00000    9.00000   93.55556  277.00000   11.44444   49.33333 
 975.00000   11.11111    1.00000    0.00000    5.77369    4.66610 
2200000.00000   13.00000  124.92310  267.00000    7.30769   44.92308 
 990.00000    7.69231    0.00000    1.00000    5.77369    4.66610 
1075000.00000    7.00000   91.14286  233.00000    3.42857   29.85714 
 961.00000    0.00000    0.00000    1.00000    5.77369    4.66610 
750000.00000    9.00000  111.55560  263.00000    4.66667   52.66667  985.00000 
   0.00000    1.00000    0.00000    5.77369    4.66610 
700000.00000    8.00000   74.37500  235.00000    3.87500   19.87500  992.00000 
   0.00000    0.00000    0.00000    5.77369    4.66610 
675000.00000   12.00000  113.41670  262.00000    2.08333   46.41667  978.00000 
   0.00000    0.00000    0.00000    5.77369    4.66610 
400000.00000    8.00000  103.12500  258.00000    5.37500   36.75000  963.00000 
   0.00000    1.00000    0.00000    5.77369    4.66610 
340000.00000    4.00000   84.25000  285.00000    4.50000   33.00000  989.00000 
   0.00000    0.00000    1.00000    5.77369    4.66610 
270000.00000    2.00000   93.50000  244.00000    8.50000   31.50000  983.00000 
   0.00000    1.00000    0.00000    5.77369    4.66610 
240000.00000    3.00000   46.33333  292.00000    1.66667   13.33333  983.00000 
   0.00000    0.00000    0.00000    5.77369    4.66610 
222000.00000    2.00000   71.00000  269.00000    2.00000   24.50000  971.00000 
   0.00000    0.00000    0.00000    5.77369    4.66610 
200000.00000    3.00000   38.66667  221.00000    1.66667    7.66667  967.00000 
   0.00000    0.00000    0.00000    5.77369    4.66610 
135000.00000    1.00000   58.00000  276.00000    5.00000   21.00000  963.00000 
   0.00000    0.00000    0.00000    5.77369    4.66610 
1600000.00000    4.00000   86.75000  260.00000   17.50000   41.00000 
 963.00000    0.00000    1.00000    0.00000   16.03466    1.92286 
1300000.00000    5.00000   56.00000  262.00000    2.40000   18.60000 
 988.00000   60.00000    1.00000    0.00000   16.03466    1.92286 
1200000.00000    3.00000  142.33330  293.00000   12.66667   72.66666 
 965.00000   33.33333    0.00000    1.00000   16.03466    1.92286 
975000.00000    4.00000   69.25000  245.00000    9.75000   29.50000  971.00000 
   0.00000    1.00000    0.00000   16.03466    1.92286 
950000.00000    6.00000   96.33334  255.00000    0.16667   28.16667  972.00000 
   0.00000    0.00000    1.00000   16.03466    1.92286 
750000.00000    9.00000   62.66667  228.00000    1.88889   13.22222  988.00000 
   0.00000    0.00000    0.00000   16.03466    1.92286 
500000.00000    5.00000   71.80000  265.00000    3.80000   22.40000  975.00000 
   0.00000    0.00000    1.00000   16.03466    1.92286 
425000.00000    2.00000   84.00000  275.00000    2.50000   52.50000  981.00000 
   0.00000    1.00000    0.00000   16.03466    1.92286 
400000.00000    7.00000   73.85714  254.00000    1.00000   20.28572  970.00000 
   0.00000    0.00000    1.00000   16.03466    1.92286 
350000.00000    4.00000   55.25000  255.00000    6.75000   17.75000  993.00000 
   0.00000    0.00000    0.00000   16.03466    1.92286 
335000.00000   11.00000   56.81818  260.00000    0.45455   10.90909  985.00000 
   0.00000    0.00000    1.00000   16.03466    1.92286 
325000.00000    3.00000   82.66666  265.00000    2.00000   23.66667  990.00000 
   0.00000    1.00000    0.00000   16.03466    1.92286 
300000.00000    6.00000   92.50000  281.00000    4.33333   33.16667  976.00000 
   0.00000    0.00000    0.00000   16.03466    1.92286 
142500.00000    2.00000   27.50000  259.00000    2.00000    9.50000  993.00000 
   0.00000    1.00000    0.00000   16.03466    1.92286 
4200000.00000    7.00000   99.42857  257.00000   23.00000   50.42857 
 990.00000   28.57143    1.00000    0.00000   21.03883    1.96208 
3866667.00000   11.00000  117.45450  259.00000    6.18182   59.27273 
 967.00000    0.00000    1.00000    0.00000   21.03883    1.96208 
3433333.00000   16.00000  130.93750  274.00000   13.06250   75.68750 
 984.00000   31.25000    1.00000    0.00000   21.03883    1.96208 
3333333.00000    9.00000  103.55560  241.00000   15.22222   46.22222 
 990.00000   11.11111    0.00000    0.00000   21.03883    1.96208 
2066667.00000    9.00000  111.33330  222.00000   22.77778   55.88889 
 978.00000    0.00000    0.00000    0.00000   21.03883    1.96208 
1400000.00000   16.00000  122.81250  286.00000   10.12500   67.31250 
 977.00000   37.50000    0.00000    0.00000   21.03883    1.96208 
1150000.00000   10.00000  110.60000  270.00000    6.10000   61.10000 
 984.00000    0.00000    0.00000    0.00000   21.03883    1.96208 
650000.00000    3.00000  126.33330  268.00000   16.66667   61.33333  960.00000 
  33.33333    0.00000    0.00000   21.03883    1.96208 
500000.00000   14.00000   96.50000  268.00000   15.00000   58.21429  975.00000 
   0.00000    0.00000    0.00000   21.03883    1.96208 
425000.00000    6.00000   54.16667  245.00000    0.33333   16.00000  973.00000 
   0.00000    1.00000    0.00000   21.03883    1.96208 
275000.00000    3.00000   87.33334  251.00000    2.00000   41.33333  984.00000 
   0.00000    1.00000    0.00000   21.03883    1.96208 
250000.00000    7.00000   35.00000  249.00000    1.57143    9.57143  969.00000 
   0.00000    1.00000    0.00000   21.03883    1.96208 
240000.00000    5.00000   39.00000  205.00000    1.60000    8.60000  988.00000 
   0.00000    0.00000    0.00000   21.03883    1.96208 
230000.00000    2.00000   80.50000  285.00000    3.00000   31.00000  967.00000 
   0.00000    0.00000    0.00000   21.03883    1.96208 
2700000.00000   19.00000  143.63160  287.00000   12.78947   82.63158 
 971.00000   15.78947    0.00000    0.00000   13.30330    3.74784 
2500000.00000    6.00000  132.83330  268.00000    5.33333   52.33333 
 988.00000    0.00000    0.00000    0.00000   13.30330    3.74784 
1640000.00000    4.00000  111.00000  234.00000   18.00000   56.75000 
 984.00000    0.00000    1.00000    0.00000   13.30330    3.74784 
1333333.00000   11.00000  129.54550  267.00000    7.63636   65.45454 
 983.00000    0.00000    0.00000    0.00000   13.30330    3.74784 
1100000.00000   12.00000  138.00000  248.00000   21.25000   63.33333 
 984.00000    8.33333    0.00000    0.00000   13.30330    3.74784 
1000000.00000    4.00000   95.75000  292.00000    2.00000   43.00000 
 997.00000    0.00000    1.00000    0.00000   13.30330    3.74784 
750000.00000    4.00000   92.75000  262.00000    3.50000   40.25000  968.00000 
   0.00000    0.00000    0.00000   13.30330    3.74784 
725000.00000    5.00000   72.60000  262.00000    7.80000   21.80000  945.00000 
   0.00000    0.00000    0.00000   13.30330    3.74784 
350000.00000    1.00000  149.00000  290.00000    1.00000   93.00000  966.00000 
   0.00000    0.00000    0.00000   13.30330    3.74784 
250000.00000   14.00000   93.00000  264.00000    5.00000   33.78571  964.00000 
   7.14286    0.00000    0.00000   13.30330    3.74784 
120000.00000    1.00000   51.00000  232.00000    4.00000   15.00000  992.00000 
   0.00000    0.00000    0.00000   13.30330    3.74784 
118000.00000    1.00000   47.00000  226.00000    2.00000   17.00000 1000.00000 
   0.00000    0.00000    0.00000   13.30330    3.74784 
110000.00000    1.00000   22.00000  111.00000    0.00000    5.00000 1000.00000 
   0.00000    0.00000    1.00000   13.30330    3.74784 
5050000.00000    9.00000  105.11110  284.00000   19.66667   56.33333 
 964.00000   11.11111    1.00000    0.00000   17.52836   14.80268 
3833333.00000    8.00000   99.87500  259.00000   12.00000   40.12500 
 989.00000   12.50000    0.00000    0.00000   17.52836   14.80268 
3820000.00000   11.00000  129.63640  311.00000   17.45455   73.45454 
 995.00000   54.54546    0.00000    0.00000   17.52836   14.80268 
2900000.00000   11.00000  147.72730  338.00000    7.72727   97.00000 
 963.00000   72.72727    0.00000    0.00000   17.52836   14.80268 
2500000.00000    8.00000   95.25000  256.00000   14.62500   33.62500 
 990.00000   12.50000    0.00000    0.00000   17.52836   14.80268 
2250000.00000   10.00000  127.70000  243.00000    4.00000   49.90000 
 978.00000    0.00000    0.00000    0.00000   17.52836   14.80268 
1575000.00000    8.00000   97.75000  234.00000    3.25000   30.37500 
 978.00000    0.00000    0.00000    0.00000   17.52836   14.80268 
1050000.00000    6.00000   64.16666  248.00000    3.33333   21.33333 
 954.00000    0.00000    0.00000    0.00000   17.52836   14.80268 
350000.00000    8.00000   88.87500  282.00000    2.87500   34.62500  990.00000 
   0.00000    1.00000    0.00000   17.52836   14.80268 
325000.00000    7.00000   74.28571  251.00000    3.42857   19.71428  983.00000 
   0.00000    0.00000    0.00000   17.52836   14.80268 
255000.00000    3.00000  108.33330  236.00000   18.33333   48.66667  983.00000 
   0.00000    0.00000    0.00000   17.52836   14.80268 
160000.00000    2.00000  101.00000  234.00000    5.00000   36.50000  964.00000 
   0.00000    0.00000    0.00000   17.52836   14.80268 
152000.00000    3.00000   62.33333  246.00000    4.00000   17.66667  959.00000 
   0.00000    0.00000    0.00000   17.52836   14.80268 
150000.00000    2.00000   73.50000  256.00000    4.00000   41.00000  986.00000 
   0.00000    1.00000    0.00000   17.52836   14.80268 
4333333.00000    9.00000  102.33330  259.00000   12.66667   46.77778 
 956.00000   22.22222    0.00000    0.00000    7.98687   31.03750 
3000000.00000   12.00000  136.91670  253.00000   19.25000   62.08333 
 965.00000   16.66667    0.00000    0.00000    7.98687   31.03750 
2475000.00000    6.00000  125.50000  299.00000    2.16667   71.00000 
 982.00000    0.00000    0.00000    1.00000    7.98687   31.03750 
1750000.00000   12.00000  132.50000  270.00000   16.41667    6.58333 
 971.00000   16.66667    1.00000    0.00000    7.98687   31.03750 
600000.00000    8.00000   60.25000  233.00000    1.62500   15.62500  975.00000 
   0.00000    0.00000    1.00000    7.98687   31.03750 
600000.00000    8.00000   94.75000  246.00000    1.25000   31.25000  988.00000 
   0.00000    0.00000    1.00000    7.98687   31.03750 
525000.00000    5.00000   49.60000  238.00000    2.80000   12.60000  987.00000 
   0.00000    0.00000    0.00000    7.98687   31.03750 
450000.00000    4.00000   92.50000  258.00000    3.00000   44.00000  982.00000 
   0.00000    1.00000    0.00000    7.98687   31.03750 
265000.00000    4.00000   48.75000  234.00000    0.75000   22.75000  964.00000 
   0.00000    0.00000    0.00000    7.98687   31.03750 
220000.00000    1.00000  139.00000  259.00000   10.00000   59.00000  978.00000 
   0.00000    0.00000    0.00000    7.98687   31.03750 
160000.00000    4.00000   29.75000  203.00000    0.75000    7.50000  987.00000 
   0.00000    0.00000    0.00000    7.98687   31.03750 
115000.00000    1.00000   23.00000  177.00000    2.00000    8.00000  953.00000 
   0.00000    0.00000    0.00000    7.98687   31.03750 
112500.00000    1.00000   47.00000  258.00000    1.00000   14.00000  964.00000 
   0.00000    1.00000    0.00000    7.98687   31.03750 
110000.00000    1.00000    7.00000  143.00000    0.00000    1.00000 1000.00000 
   0.00000    0.00000    0.00000    7.98687   31.03750 
109000.00000    3.00000   21.00000  170.00000    0.66667    3.33333  963.00000 
   0.00000    0.00000    0.00000    7.98687   31.03750 
3650000.00000   11.00000  135.00000  282.00000   22.90909   70.72727 
 964.00000   27.27273    0.00000    1.00000   18.84423   10.87780 
3500000.00000   14.00000  121.71430  297.00000    7.71429   81.28571 
 987.00000   50.00000    1.00000    0.00000   18.84423   10.87780 
2266667.00000    6.00000   97.16666  273.00000    0.66667   43.00000 
 984.00000    0.00000    1.00000    0.00000   18.84423   10.87780 
2000000.00000    8.00000  136.87500  266.00000    1.25000   54.00000 
 975.00000   37.50000    0.00000    1.00000   18.84423   10.87780 
1975000.00000   12.00000  142.08330  282.00000    4.41667   74.25000 
 978.00000   41.66667    0.00000    0.00000   18.84423   10.87780 
1750000.00000    8.00000  102.00000  247.00000   13.75000   39.62500 
 988.00000    0.00000    0.00000    0.00000   18.84423   10.87780 
1700000.00000    4.00000  120.00000  271.00000   11.00000   57.50000 
 956.00000   25.00000    0.00000    0.00000   18.84423   10.87780 
1016667.00000    7.00000   65.57143  226.00000    5.14286   20.71428 
 990.00000    0.00000    0.00000    0.00000   18.84423   10.87780 
910000.00000    6.00000   89.00000  249.00000   18.66667   47.66667  960.00000 
  16.66667    1.00000    0.00000   18.84423   10.87780 
900000.00000    3.00000  126.00000  322.00000   21.00000   83.66666  992.00000 
   0.00000    1.00000    0.00000   18.84423   10.87780 
632500.00000    3.00000   84.66666  254.00000    3.33333   22.66667  975.00000 
   0.00000    0.00000    0.00000   18.84423   10.87780 
500000.00000    6.00000  120.33330  281.00000   15.50000   73.33334  986.00000 
  16.66667    1.00000    0.00000   18.84423   10.87780 
285000.00000    5.00000   61.60000  246.00000    0.00000   20.80000  962.00000 
   0.00000    1.00000    0.00000   18.84423   10.87780 
4400000.00000    7.00000  142.14290  285.00000   17.57143   74.42857 
 994.00000    0.00000    0.00000    0.00000   12.80139    2.88751 
3666667.00000   10.00000  134.10000  267.00000   19.60000   66.00000 
 986.00000    0.00000    0.00000    0.00000   12.80139    2.88751 
3666667.00000   10.00000  114.00000  249.00000    6.90000   45.20000 
 971.00000    0.00000    0.00000    0.00000   12.80139    2.88751 
3100000.00000   20.00000  128.10000  307.00000   14.90000   75.70000 
 970.00000   65.00000    0.00000    0.00000   12.80139    2.88751 
2400000.00000    6.00000  129.83330  255.00000    1.33333   48.66667 
 987.00000    0.00000    0.00000    1.00000   12.80139    2.88751 
1525000.00000    5.00000   87.80000  287.00000    6.60000   38.00000 
 983.00000   20.00000    0.00000    1.00000   12.80139    2.88751 
1175000.00000    6.00000   80.66666  251.00000    7.00000   26.66667 
 993.00000    0.00000    0.00000    0.00000   12.80139    2.88751 
1090000.00000    2.00000   27.50000  190.00000    0.00000    2.00000 
 875.00000    0.00000    0.00000    0.00000   12.80139    2.88751 
460000.00000    6.00000   48.33333  261.00000    1.83333    9.66667 1000.00000 
   0.00000    1.00000    0.00000   12.80139    2.88751 
400000.00000   10.00000   96.00000  246.00000    0.80000   27.10000  962.00000 
   0.00000    1.00000    0.00000   12.80139    2.88751 
378500.00000    3.00000  115.66670  249.00000    5.66667   56.66667  994.00000 
   0.00000    1.00000    0.00000   12.80139    2.88751 
250000.00000   13.00000  118.15380  269.00000   11.30769   49.00000  952.00000 
  15.38461    1.00000    0.00000   12.80139    2.88751 
225000.00000    3.00000   57.33333  239.00000    1.00000   13.33333  988.00000 
   0.00000    0.00000    0.00000   12.80139    2.88751 
115000.00000    2.00000   11.00000  263.00000    1.50000    3.00000  926.00000 
   0.00000    1.00000    0.00000   12.80139    2.88751 
5200000.00000    9.00000  153.55560  321.00000   15.77778   91.11111 
 989.00000   77.77778    1.00000    0.00000    3.74179    1.56195 
3100000.00000   12.00000  128.58330  286.00000   21.50000   67.41666 
 994.00000    8.33333    0.00000    0.00000    3.74179    1.56195 
3050000.00000    5.00000  117.00000  300.00000    9.20000   54.20000 
 984.00000    0.00000    1.00000    0.00000    3.74179    1.56195 
2700000.00000   19.00000  142.47370  285.00000   22.73684   81.63158 
 982.00000   63.15789    1.00000    0.00000    3.74179    1.56195 
2400000.00000   13.00000   60.61538  295.00000    3.61538   20.30769 
 985.00000    0.00000    0.00000    0.00000    3.74179    1.56195 
600000.00000    6.00000  117.00000  266.00000    5.16667   43.00000  992.00000 
   0.00000    0.00000    0.00000    3.74179    1.56195 
500000.00000    2.00000  153.00000  289.00000    1.50000   91.00000  983.00000 
  50.00000    0.00000    0.00000    3.74179    1.56195 
400000.00000    9.00000  116.00000  235.00000   13.44444   42.22222  953.00000 
   0.00000    0.00000    0.00000    3.74179    1.56195 
275000.00000    3.00000   84.00000  261.00000    2.66667   29.66667  962.00000 
   0.00000    0.00000    0.00000    3.74179    1.56195 
253600.00000    3.00000   66.66666  273.00000    6.33333   24.00000  986.00000 
   0.00000    0.00000    1.00000    3.74179    1.56195 
250000.00000   11.00000  107.63640  252.00000    8.36364   35.18182  985.00000 
   0.00000    0.00000    0.00000    3.74179    1.56195 
172000.00000    4.00000   21.75000  287.00000    1.00000    5.25000  994.00000 
   0.00000    1.00000    0.00000    3.74179    1.56195 
4200000.00000    7.00000  151.42860  280.00000   22.28572   84.00000 
 973.00000   14.28571    0.00000    1.00000    9.04970   16.33065 
4000000.00000    7.00000  130.85710  247.00000   31.42857   72.00000 
 940.00000   85.71429    0.00000    0.00000    9.04970   16.33065 
3250000.00000   14.00000  132.78570  291.00000   14.21429  105.14290 
 980.00000   71.42857    1.00000    0.00000    9.04970   16.33065 
2800000.00000    7.00000  104.71430  272.00000    8.71429   39.71429 
 984.00000   28.57143    0.00000    0.00000    9.04970   16.33065 
2600000.00000   12.00000  114.58330  262.00000   14.33333   53.83333 
 984.00000    8.33333    1.00000    0.00000    9.04970   16.33065 
627500.00000    5.00000   73.40000  232.00000    1.40000   26.60000  985.00000 
   0.00000    0.00000    0.00000    9.04970   16.33065 
625000.00000    7.00000  104.00000  272.00000    2.42857   48.71429  975.00000 
   0.00000    1.00000    0.00000    9.04970   16.33065 
600000.00000    7.00000  127.00000  290.00000    5.42857   68.85714  957.00000 
  14.28571    0.00000    0.00000    9.04970   16.33065 
400000.00000    3.00000   89.66666  276.00000    1.00000   27.66667  977.00000 
   0.00000    0.00000    0.00000    9.04970   16.33065 
120000.00000    1.00000   24.00000  264.00000    3.00000    8.00000  850.00000 
   0.00000    0.00000    0.00000    9.04970   16.33065 
4000000.00000    4.00000  144.50000  301.00000   21.75000   77.75000 
 984.00000   75.00000    1.00000    0.00000   30.95387   17.54926 
3016667.00000    6.00000   86.83334  311.00000    7.50000   49.16667 
 947.00000   16.66667    0.00000    1.00000   30.95387   17.54926 
2772500.00000    6.00000   81.66666  246.00000   13.50000   35.33333 
 984.00000    0.00000    0.00000    0.00000   30.95387   17.54926 
2187500.00000   11.00000  135.90910  262.00000   14.72727   56.72727 
 994.00000    0.00000    0.00000    0.00000   30.95387   17.54926 
1866667.00000    9.00000   79.00000  230.00000    6.55556   25.66667 
 991.00000    0.00000    0.00000    0.00000   30.95387   17.54926 
1112500.00000    4.00000  125.50000  250.00000    1.00000   38.75000 
 980.00000    0.00000    0.00000    1.00000   30.95387   17.54926 
900000.00000    9.00000   86.22222  263.00000    4.33333   30.11111  990.00000 
   0.00000    0.00000    1.00000   30.95387   17.54926 
850000.00000    8.00000   91.50000  257.00000    1.62500   34.62500  983.00000 
   0.00000    1.00000    0.00000   30.95387   17.54926 
475000.00000    6.00000   72.33334  280.00000    2.50000   14.00000  983.00000 
   0.00000    0.00000    0.00000   30.95387   17.54926 
287500.00000    3.00000   65.33334  244.00000    6.66667   22.66667  995.00000 
   0.00000    0.00000    1.00000   30.95387   17.54926 
200000.00000    4.00000   72.75000  230.00000    2.50000   12.75000  983.00000 
   0.00000    0.00000    0.00000   30.95387   17.54926 
150000.00000   13.00000   84.00000  276.00000    0.76923   36.92308  976.00000 
   0.00000    0.00000    0.00000   30.95387   17.54926 
4800000.00000    8.00000  121.50000  266.00000   29.37500   76.75000 
 974.00000   62.50000    0.00000    1.00000   13.87162   12.97875 
4550000.00000    7.00000  126.57140  296.00000   13.57143   66.14286 
 992.00000   28.57143    0.00000    1.00000   13.87162   12.97875 
2937500.00000   11.00000  127.45450  301.00000    7.81818   73.36364 
 969.00000   27.27273    0.00000    1.00000   13.87162   12.97875 
1900000.00000    8.00000   94.12500  254.00000    2.00000   28.87500 
 979.00000    0.00000    0.00000    1.00000   13.87162   12.97875 
650000.00000   11.00000   68.18182  269.00000    2.09091   15.27273  984.00000 
   0.00000    0.00000    0.00000   13.87162   12.97875 
525000.00000    4.00000   86.50000  259.00000   18.75000   43.00000  978.00000 
   0.00000    0.00000    1.00000   13.87162   12.97875 
500000.00000   11.00000   96.72727  250.00000    7.63636   51.00000  983.00000 
   0.00000    0.00000    0.00000   13.87162   12.97875 
450000.00000    5.00000   88.60000  240.00000    0.60000   26.60000  990.00000 
   0.00000    0.00000    0.00000   13.87162   12.97875 
312000.00000    5.00000   87.80000  237.00000    1.20000   30.00000  964.00000 
   0.00000    0.00000    0.00000   13.87162   12.97875 
275000.00000    2.00000  105.50000  261.00000    5.50000   31.50000  983.00000 
   0.00000    0.00000    1.00000   13.87162   12.97875 
250000.00000    3.00000   83.00000  213.00000   13.66667   37.33333  941.00000 
   0.00000    0.00000    0.00000   13.87162   12.97875 
200000.00000    6.00000  111.16670  244.00000    2.16667   36.16667  987.00000 
   0.00000    0.00000    0.00000   13.87162   12.97875 
109000.00000    1.00000   12.00000  167.00000    0.00000    1.00000  857.00000 
   0.00000    0.00000    0.00000   13.87162   12.97875 
