
       0.0000000        20000.000        60.506000        16.000000 
       46.000000        0.0000000 
       0.0000000        30000.000        57.883000        16.000000 
       40.000000        0.0000000 
       3.0000000        30000.000        57.664000        12.000000 
       58.000000        0.0000000 
       0.0000000        20000.000        57.883000        13.500000 
       30.000000        0.0000000 
       0.0000000        20000.000        58.320000        10.000000 
       17.000000        0.0000000 
       0.0000000        6500.0000        59.340000        6.0000000 
       86.000000        0.0000000 
       0.0000000        20000.000        57.883000        12.000000 
       35.000000        0.0000000 
       0.0000000        30000.000        57.883000        15.000000 
       48.000000        0.0000000 
       0.0000000        20000.000        59.195000        12.000000 
       48.000000        0.0000000 
       0.0000000        20000.000        58.028000        12.000000 
       31.000000        0.0000000 
       10.000000        30000.000        57.883000        13.500000 
       27.000000        0.0000000 
       20.000000        20000.000        60.288000        12.000000 
       24.000000        0.0000000 
       30.000000        8500.0000        57.883000        10.000000 
       71.000000        0.0000000 
       0.0000000        30000.000        58.028000        6.0000000 
       44.000000        0.0000000 
       0.0000000        30000.000        60.746000        16.000000 
       22.000000        0.0000000 
       20.000000        20000.000        60.071000        12.000000 
       29.000000        0.0000000 
       0.0000000        20000.000        60.282000        12.000000 
       33.000000        0.0000000 
       30.000000        20000.000        60.704000        12.000000 
       34.000000        0.0000000 
       0.0000000        8500.0000        59.860000        13.500000 
       30.000000        0.0000000 
       20.000000        30000.000        60.324000        10.000000 
       48.000000        0.0000000 
       0.0000000        5500.0000        59.045000        6.0000000 
       61.000000        0.0000000 
       0.0000000        30000.000        60.294000        18.000000 
       49.000000        0.0000000 
       0.0000000        20000.000        59.045000        12.000000 
       33.000000        0.0000000 
       0.0000000        30000.000        60.632000        16.000000 
       24.000000        1.0000000 
       0.0000000        30000.000        61.744000        16.000000 
       36.000000        1.0000000 
       12.000000        20000.000        60.862000        15.000000 
       39.000000        1.0000000 
       0.0000000        30000.000        61.399000        18.000000 
       38.000000        1.0000000 
       30.000000        30000.000        60.823000        12.000000 
       29.000000        1.0000000 
       0.0000000        12500.000        62.012000        18.000000 
       23.000000        1.0000000 
       0.0000000        20000.000        61.322000        16.000000 
       51.000000        1.0000000 
       0.0000000        20000.000        62.089000        13.500000 
       28.000000        1.0000000 
       30.000000        12500.000        61.015000        10.000000 
       47.000000        1.0000000 
       0.0000000        12500.000        62.489000        10.000000 
       80.000000        1.0000000 
       2.0000000        30000.000        61.667000        10.000000 
       62.000000        1.0000000 
       0.0000000        12500.000        62.012000        10.000000 
       51.000000        1.0000000 
       35.000000        20000.000        61.667000        10.000000 
       51.000000        1.0000000 
       0.0000000        12500.000        61.053000        12.000000 
       69.000000        1.0000000 
       0.0000000        8500.0000        61.092000        12.000000 
       28.000000        1.0000000 
       0.0000000        20000.000        61.974000        18.000000 
       38.000000        1.0000000 
       0.0000000        30000.000        61.168000        15.000000 
       30.000000        1.0000000 
       25.000000        30000.000        60.862000        18.000000 
       32.000000        1.0000000 
       0.0000000        12500.000        61.629000        8.0000000 
       71.000000        1.0000000 
       0.0000000        20000.000        62.489000        10.000000 
       18.000000        1.0000000 
       15.000000        8500.0000        62.089000        13.500000 
       26.000000        1.0000000 
       20.000000        20000.000        61.744000        10.000000 
       30.000000        1.0000000 
       0.0000000        3500.0000        60.670000        12.000000 
       19.000000        1.0000000 
       20.000000        6500.0000        61.168000        12.000000 
       19.000000        1.0000000 
       0.0000000        1500.0000        61.245000        13.500000 
       21.000000        1.0000000 
       0.0000000        20000.000        62.089000        16.000000 
       44.000000        1.0000000 
       30.000000        30000.000        60.555000        10.000000 
       69.000000        1.0000000 
       0.0000000        20000.000        60.555000        16.000000 
       53.000000        1.0000000 
       20.000000        12500.000        62.241000        8.0000000 
       53.000000        1.0000000 
       10.000000        6500.0000        61.705000        6.0000000 
       38.000000        1.0000000 
       20.000000        30000.000        60.555000        10.000000 
       49.000000        1.0000000 
       0.0000000        20000.000        61.437000        18.000000 
       24.000000        1.0000000 
       0.0000000        8500.0000        61.322000        16.000000 
       57.000000        1.0000000 
       0.0000000        20000.000        61.168000        15.000000 
       28.000000        1.0000000 
       20.000000        20000.000        61.207000        12.000000 
       32.000000        1.0000000 
       0.0000000        20000.000        60.823000        13.500000 
       55.000000        1.0000000 
       0.0000000        30000.000        60.632000        13.500000 
       47.000000        1.0000000 
       0.0000000        20000.000        60.785000        13.500000 
       26.000000        1.0000000 
       20.000000        6500.0000        60.555000        10.000000 
       26.000000        1.0000000 
       0.0000000        30000.000        60.708000        16.000000 
       61.000000        1.0000000 
       0.0000000        20000.000        60.670000        10.000000 
       48.000000        1.0000000 
       0.0000000        30000.000        62.736000        18.000000 
       32.000000        1.0000000 
       0.0000000        12500.000        62.089000        16.000000 
       29.000000        1.0000000 
       0.0000000        30000.000        62.571000        18.000000 
       47.000000        1.0000000 
       0.0000000        20000.000        60.708000        10.000000 
       62.000000        1.0000000 
       0.0000000        8500.0000        62.159000        16.000000 
       30.000000        1.0000000 
       0.0000000        20000.000        61.667000        13.500000 
       21.000000        1.0000000 
       0.0000000        2500.0000        61.207000        12.000000 
       28.000000        1.0000000 
       20.000000        30000.000        61.053000        12.000000 
       50.000000        1.0000000 
       0.0000000        6500.0000        61.475000        12.000000 
       69.000000        1.0000000 
       60.000000        20000.000        61.629000        13.500000 
       37.000000        1.0000000 
       20.000000        30000.000        61.744000        12.000000 
       40.000000        1.0000000 
       3.0000000        20000.000        61.437000        6.0000000 
       47.000000        1.0000000 
       0.0000000        2500.0000        61.936000        10.000000 
       78.000000        1.0000000 
       0.0000000        30000.000        61.744000        18.000000 
       38.000000        1.0000000 
       0.0000000        30000.000        62.489000        13.500000 
       25.000000        1.0000000 
       0.0000000        8500.0000        61.322000        12.000000 
       67.000000        1.0000000 
       12.000000        30000.000        60.900000        13.500000 
       50.000000        1.0000000 
       0.0000000        30000.000        61.552000        13.500000 
       47.000000        1.0000000 
       0.0000000        6500.0000        62.489000        8.0000000 
       76.000000        1.0000000 
       0.0000000        30000.000        60.785000        8.0000000 
       28.000000        1.0000000 
       0.0000000        20000.000        61.514000        12.000000 
       32.000000        1.0000000 
       0.0000000        20000.000        61.897000        12.000000 
       28.000000        1.0000000 
       20.000000        30000.000        61.168000        12.000000 
       53.000000        1.0000000 
       0.0000000        20000.000        60.823000        12.000000 
       57.000000        1.0000000 
       0.0000000        30000.000        61.590000        18.000000 
       42.000000        1.0000000 
       0.0000000        12500.000        61.092000        15.000000 
       49.000000        1.0000000 
       25.000000        20000.000        61.782000        18.000000 
       31.000000        1.0000000 
       0.0000000        8500.0000        61.437000        12.000000 
       20.000000        1.0000000 
       40.000000        20000.000        61.897000        18.000000 
       45.000000        1.0000000 
       0.0000000        30000.000        60.555000        18.000000 
       63.000000        1.0000000 
       0.0000000        30000.000        61.705000        15.000000 
       61.000000        1.0000000 
       30.000000        12500.000        61.859000        13.500000 
       35.000000        1.0000000 
       0.0000000        12500.000        61.705000        6.0000000 
       59.000000        1.0000000 
       0.0000000        8500.0000        62.654000        10.000000 
       17.000000        1.0000000 
       0.0000000        30000.000        62.736000        18.000000 
       38.000000        1.0000000 
       0.0000000        30000.000        61.245000        13.500000 
       41.000000        1.0000000 
       0.0000000        30000.000        61.897000        12.000000 
       35.000000        1.0000000 
       0.0000000        30000.000        61.590000        12.000000 
       40.000000        1.0000000 
       0.0000000        30000.000        62.571000        13.500000 
       37.000000        1.0000000 
       13.000000        5500.0000        62.406000        12.000000 
       27.000000        1.0000000 
       0.0000000        20000.000        60.862000        12.000000 
       48.000000        1.0000000 
       0.0000000        30000.000        62.089000        12.000000 
       18.000000        1.0000000 
       0.0000000        20000.000        60.862000        12.000000 
       43.000000        1.0000000 
       0.0000000        3500.0000        62.012000        10.000000 
       20.000000        1.0000000 
       1.0000000        12500.000        60.823000        8.0000000 
       19.000000        1.0000000 
       0.0000000        12500.000        60.708000        13.500000 
       22.000000        1.0000000 
       0.0000000        20000.000        60.708000        16.000000 
       60.000000        1.0000000 
       0.0000000        30000.000        61.744000        13.500000 
       47.000000        1.0000000 
       0.0000000        20000.000        61.629000        10.000000 
       77.000000        1.0000000 
       0.0000000        20000.000        61.360000        13.500000 
       26.000000        1.0000000 
       20.000000        20000.000        62.654000        12.000000 
       37.000000        1.0000000 
       15.000000        30000.000        62.159000        13.500000 
       40.000000        1.0000000 
       0.0000000        8500.0000        61.284000        6.0000000 
       44.000000        1.0000000 
       0.0000000        2500.0000        62.012000        6.0000000 
       65.000000        1.0000000 
       0.0000000        30000.000        60.900000        16.000000 
       26.000000        1.0000000 
       0.0000000        20000.000        60.862000        8.0000000 
       77.000000        1.0000000 
       0.0000000        12500.000        61.207000        12.000000 
       73.000000        1.0000000 
       0.0000000        30000.000        60.938000        10.000000 
       64.000000        1.0000000 
       0.0000000        30000.000        61.629000        13.500000 
       28.000000        1.0000000 
       20.000000        30000.000        60.862000        13.500000 
       26.000000        1.0000000 
       20.000000        20000.000        61.092000        10.000000 
       64.000000        1.0000000 
       0.0000000        6500.0000        61.667000        12.000000 
       29.000000        1.0000000 
       40.000000        20000.000        61.974000        12.000000 
       55.000000        1.0000000 
       0.0000000        30000.000        62.736000        12.000000 
       54.000000        1.0000000 
       10.000000        20000.000        61.207000        15.000000 
       42.000000        1.0000000 
       0.0000000        12500.000        62.736000        13.500000 
       70.000000        1.0000000 
       0.0000000        20000.000        61.284000        16.000000 
       71.000000        1.0000000 
       0.0000000        30000.000        61.744000        12.000000 
       24.000000        1.0000000 
       20.000000        20000.000        61.859000        10.000000 
       38.000000        1.0000000 
       0.0000000        6500.0000        61.936000        15.000000 
       73.000000        1.0000000 
       0.0000000        30000.000        60.823000        18.000000 
       29.000000        1.0000000 
       0.0000000        20000.000        60.555000        13.500000 
       24.000000        1.0000000 
       0.0000000        8500.0000        61.437000        12.000000 
       25.000000        1.0000000 
       0.0000000        20000.000        62.089000        15.000000 
       22.000000        1.0000000 
       5.0000000        12500.000        61.475000        12.000000 
       36.000000        1.0000000 
       0.0000000        20000.000        53.624000        12.000000 
       28.000000        0.0000000 
       40.000000        6500.0000        53.313000        13.500000 
       27.000000        0.0000000 
       8.0000000        4500.0000        55.185000        13.500000 
       28.000000        0.0000000 
       0.0000000        20000.000        53.382000        12.000000 
       53.000000        0.0000000 
       15.000000        30000.000        54.984000        13.500000 
       23.000000        0.0000000 
       15.000000        12500.000        53.969000        12.000000 
       19.000000        0.0000000 
       0.0000000        20000.000        54.314000        15.000000 
       25.000000        0.0000000 
       20.000000        12500.000        54.648000        13.500000 
       34.000000        0.0000000 
       0.0000000        30000.000        54.141000        13.500000 
       20.000000        0.0000000 
       0.0000000        20000.000        54.314000        10.000000 
       17.000000        0.0000000 
       20.000000        30000.000        66.587000        16.000000 
       51.000000        1.0000000 
       30.000000        30000.000        65.290000        12.000000 
       44.000000        1.0000000 
       60.000000        20000.000        65.290000        12.000000 
       29.000000        1.0000000 
       0.0000000        30000.000        66.088000        8.0000000 
       65.000000        1.0000000 
       0.0000000        30000.000        65.290000        12.000000 
       53.000000        1.0000000 
       0.0000000        20000.000        67.933000        8.0000000 
       46.000000        1.0000000 
       0.0000000        30000.000        65.290000        18.000000 
       51.000000        1.0000000 
       0.0000000        30000.000        65.540000        18.000000 
       66.000000        1.0000000 
       0.0000000        20000.000        64.991000        8.0000000 
       42.000000        1.0000000 
       40.000000        8500.0000        65.141000        16.000000 
       32.000000        1.0000000 
       25.000000        30000.000        66.437000        13.500000 
       53.000000        1.0000000 
       0.0000000        30000.000        66.038000        8.0000000 
       70.000000        1.0000000 
       30.000000        20000.000        65.889000        10.000000 
       30.000000        1.0000000 
       0.0000000        30000.000        65.889000        18.000000 
       42.000000        1.0000000 
       0.0000000        30000.000        66.537000        12.000000 
       69.000000        1.0000000 
       0.0000000        5500.0000        66.437000        10.000000 
       18.000000        1.0000000 
       10.000000        12500.000        68.184000        12.000000 
       22.000000        1.0000000 
       40.000000        20000.000        66.687000        6.0000000 
       38.000000        1.0000000 
       20.000000        20000.000        66.437000        10.000000 
       52.000000        1.0000000 
       0.0000000        30000.000        65.141000        10.000000 
       17.000000        1.0000000 
       0.0000000        20000.000        65.041000        12.000000 
       46.000000        1.0000000 
       0.0000000        30000.000        66.587000        16.000000 
       46.000000        1.0000000 
       0.0000000        30000.000        66.038000        12.000000 
       35.000000        1.0000000 
       16.000000        30000.000        66.338000        12.000000 
       22.000000        1.0000000 
       20.000000        20000.000        61.546000        12.000000 
       54.000000        0.0000000 
       40.000000        12500.000        61.184000        12.000000 
       58.000000        0.0000000 
       15.000000        12500.000        62.012000        10.000000 
       27.000000        0.0000000 
       40.000000        20000.000        61.184000        18.000000 
       47.000000        0.0000000 
       40.000000        30000.000        62.012000        16.000000 
       53.000000        0.0000000 
       10.000000        8500.0000        65.082000        12.000000 
       29.000000        0.0000000 
       0.0000000        8500.0000        67.820000        13.500000 
       29.000000        0.0000000 
       0.0000000        30000.000        68.200000        13.500000 
       47.000000        0.0000000 
       10.000000        30000.000        69.402000        8.0000000 
       67.000000        0.0000000 
       0.0000000        30000.000        69.402000        18.000000 
       31.000000        0.0000000 
       0.0000000        8500.0000        67.124000        12.000000 
       27.000000        0.0000000 
       0.0000000        3500.0000        68.263000        12.000000 
       34.000000        0.0000000 
       0.0000000        20000.000        68.516000        10.000000 
       25.000000        0.0000000 
       30.000000        20000.000        67.820000        12.000000 
       46.000000        0.0000000 
       50.000000        12500.000        67.820000        16.000000 
       50.000000        0.0000000 
       0.0000000        8500.0000        67.757000        6.0000000 
       69.000000        0.0000000 
       0.0000000        12500.000        67.820000        13.500000 
       32.000000        0.0000000 
       0.0000000        8500.0000        67.693000        12.000000 
       64.000000        0.0000000 
       0.0000000        20000.000        67.947000        15.000000 
       30.000000        0.0000000 
       0.0000000        12500.000        68.073000        8.0000000 
       78.000000        0.0000000 
       0.0000000        12500.000        69.149000        13.500000 
       46.000000        0.0000000 
       60.000000        30000.000        69.529000        13.500000 
       49.000000        0.0000000 
       0.0000000        12500.000        70.014000        12.000000 
       30.000000        0.0000000 
       20.000000        2500.0000        68.833000        10.000000 
       23.000000        0.0000000 
       15.000000        20000.000        69.402000        12.000000 
       27.000000        0.0000000 
       20.000000        30000.000        68.390000        18.000000 
       28.000000        0.0000000 
       30.000000        5500.0000        69.592000        10.000000 
       26.000000        0.0000000 
       0.0000000        12500.000        67.693000        6.0000000 
       44.000000        0.0000000 
       30.000000        30000.000        69.402000        13.500000 
       54.000000        0.0000000 
       0.0000000        8500.0000        69.841000        12.000000 
       54.000000        0.0000000 
       13.000000        6500.0000        69.899000        12.000000 
       66.000000        0.0000000 
       0.0000000        30000.000        67.883000        18.000000 
       49.000000        0.0000000 
       0.0000000        6500.0000        67.440000        16.000000 
       77.000000        0.0000000 
       0.0000000        12500.000        68.896000        12.000000 
       74.000000        0.0000000 
       0.0000000        30000.000        69.465000        18.000000 
       69.000000        0.0000000 
       0.0000000        30000.000        68.643000        13.500000 
       78.000000        0.0000000 
       20.000000        30000.000        68.390000        13.500000 
       57.000000        0.0000000 
       0.0000000        8500.0000        70.129000        8.0000000 
       53.000000        0.0000000 
       0.0000000        30000.000        67.314000        16.000000 
       88.000000        0.0000000 
       0.0000000        20000.000        67.187000        12.000000 
       79.000000        0.0000000 
       0.0000000        8500.0000        57.473000        12.000000 
       21.000000        0.0000000 
       0.0000000        8500.0000        58.094000        18.000000 
       30.000000        0.0000000 
       0.0000000        30000.000        57.473000        18.000000 
       39.000000        0.0000000 
       9.0000000        500.00000        59.852000        15.000000 
       25.000000        0.0000000 
       0.0000000        20000.000        59.130000        10.000000 
       58.000000        0.0000000 
       15.000000        30000.000        59.130000        13.500000 
       23.000000        0.0000000 
       28.000000        20000.000        59.233000        16.000000 
       30.000000        0.0000000 
       40.000000        8500.0000        57.939000        10.000000 
       31.000000        0.0000000 
       0.0000000        20000.000        57.473000        16.000000 
       31.000000        0.0000000 
       0.0000000        20000.000        58.094000        16.000000 
       50.000000        0.0000000 
       0.0000000        12500.000        58.508000        8.0000000 
       20.000000        0.0000000 
       0.0000000        12500.000        57.110000        13.500000 
       24.000000        0.0000000 
       0.0000000        20000.000        61.988000        12.000000 
       33.000000        0.0000000 
       0.0000000        30000.000        63.556000        16.000000 
       39.000000        0.0000000 
       0.0000000        30000.000        57.466000        13.500000 
       19.000000        0.0000000 
       20.000000        20000.000        59.430000        12.000000 
       31.000000        0.0000000 
       50.000000        30000.000        60.042000        13.500000 
       40.000000        0.0000000 
       0.0000000        12500.000        59.492000        16.000000 
       39.000000        0.0000000 
       7.0000000        5500.0000        59.676000        15.000000 
       23.000000        0.0000000 
       0.0000000        8500.0000        58.632000        8.0000000 
       71.000000        0.0000000 
       0.0000000        6500.0000        58.080000        6.0000000 
       54.000000        0.0000000 
       20.000000        12500.000        58.510000        10.000000 
       33.000000        0.0000000 
       0.0000000        30000.000        60.221000        18.000000 
       30.000000        0.0000000 
       20.000000        8500.0000        57.835000        12.000000 
       31.000000        0.0000000 
       0.0000000        30000.000        60.518000        18.000000 
       46.000000        0.0000000 
       0.0000000        20000.000        59.921000        12.000000 
       75.000000        0.0000000 
       20.000000        30000.000        58.264000        8.0000000 
       40.000000        0.0000000 
       0.0000000        12500.000        59.430000        12.000000 
       66.000000        0.0000000 
       40.000000        30000.000        59.492000        18.000000 
       45.000000        0.0000000 
       0.0000000        8500.0000        59.246000        8.0000000 
       73.000000        0.0000000 
       30.000000        20000.000        57.712000        12.000000 
       31.000000        0.0000000 
       0.0000000        30000.000        58.264000        13.500000 
       27.000000        0.0000000 
       0.0000000        20000.000        58.632000        10.000000 
       50.000000        0.0000000 
       0.0000000        30000.000        57.712000        12.000000 
       45.000000        0.0000000 
       30.000000        30000.000        58.264000        12.000000 
       22.000000        0.0000000 
       0.0000000        30000.000        59.246000        13.500000 
       44.000000        0.0000000 
       5.0000000        30000.000        58.510000        10.000000 
       51.000000        0.0000000 
       0.0000000        3500.0000        58.816000        6.0000000 
       59.000000        0.0000000 
       0.0000000        20000.000        58.448000        10.000000 
       59.000000        0.0000000 
       0.0000000        8500.0000        57.650000        12.000000 
       66.000000        0.0000000 
       3.0000000        30000.000        59.246000        13.500000 
       35.000000        0.0000000 
       15.000000        20000.000        57.650000        10.000000 
       17.000000        0.0000000 
       0.0000000        20000.000        59.553000        12.000000 
       35.000000        0.0000000 
       0.0000000        30000.000        59.614000        16.000000 
       30.000000        0.0000000 
       0.0000000        30000.000        59.430000        12.000000 
       23.000000        0.0000000 
       0.0000000        8500.0000        58.141000        8.0000000 
       60.000000        0.0000000 
       0.0000000        20000.000        59.246000        18.000000 
       27.000000        0.0000000 
       0.0000000        20000.000        57.650000        16.000000 
       37.000000        0.0000000 
       0.0000000        20000.000        57.957000        15.000000 
       42.000000        0.0000000 
       0.0000000        3500.0000        59.921000        8.0000000 
       87.000000        0.0000000 
       20.000000        20000.000        59.614000        13.500000 
       26.000000        0.0000000 
       15.000000        12500.000        57.405000        12.000000 
       20.000000        0.0000000 
       0.0000000        12500.000        58.878000        10.000000 
       65.000000        0.0000000 
       20.000000        30000.000        59.614000        12.000000 
       35.000000        0.0000000 
       0.0000000        30000.000        59.001000        18.000000 
       38.000000        0.0000000 
       20.000000        20000.000        59.185000        10.000000 
       64.000000        0.0000000 
       0.0000000        8500.0000        58.264000        10.000000 
       62.000000        0.0000000 
       1.0000000        20000.000        58.694000        12.000000 
       47.000000        0.0000000 
       20.000000        30000.000        58.080000        10.000000 
       52.000000        0.0000000 
       0.0000000        12500.000        58.571000        13.500000 
       32.000000        0.0000000 
       15.000000        20000.000        58.448000        16.000000 
       26.000000        0.0000000 
       0.0000000        20000.000        59.553000        18.000000 
       35.000000        0.0000000 
       0.0000000        30000.000        57.712000        16.000000 
       35.000000        0.0000000 
       0.0000000        12500.000        59.062000        10.000000 
       24.000000        0.0000000 
       1.0000000        20000.000        59.430000        8.0000000 
       77.000000        0.0000000 
       20.000000        4500.0000        58.141000        13.500000 
       24.000000        0.0000000 
       20.000000        20000.000        53.325000        8.0000000 
       63.000000        0.0000000 
       0.0000000        20000.000        53.049000        18.000000 
       58.000000        0.0000000 
       0.0000000        3500.0000        52.888000        10.000000 
       69.000000        0.0000000 
       50.000000        12500.000        54.381000        13.500000 
       62.000000        0.0000000 
       0.0000000        12500.000        53.670000        12.000000 
       27.000000        0.0000000 
       20.000000        20000.000        53.049000        13.500000 
       30.000000        0.0000000 
       0.0000000        30000.000        52.796000        10.000000 
       51.000000        0.0000000 
       0.0000000        12500.000        53.118000        12.000000 
       32.000000        0.0000000 
       20.000000        30000.000        52.819000        10.000000 
       51.000000        0.0000000 
       0.0000000        20000.000        53.647000        6.0000000 
       53.000000        0.0000000 
       0.0000000        20000.000        53.509000        13.500000 
       20.000000        0.0000000 
       40.000000        12500.000        53.279000        13.500000 
       22.000000        0.0000000 
       0.0000000        30000.000        52.819000        16.000000 
       24.000000        0.0000000 
       0.0000000        6500.0000        53.256000        12.000000 
       23.000000        0.0000000 
       0.0000000        30000.000        52.819000        12.000000 
       65.000000        0.0000000 
       20.000000        20000.000        53.233000        8.0000000 
       21.000000        0.0000000 
       0.0000000        1500.0000        52.980000        8.0000000 
       19.000000        0.0000000 
       20.000000        12500.000        53.509000        10.000000 
       24.000000        0.0000000 
       30.000000        20000.000        53.325000        12.000000 
       34.000000        0.0000000 
       6.0000000        8500.0000        52.819000        10.000000 
       54.000000        0.0000000 
       15.000000        20000.000        58.142000        18.000000 
       50.000000        0.0000000 
       20.000000        8500.0000        57.912000        13.500000 
       65.000000        0.0000000 
       20.000000        20000.000        56.900000        12.000000 
       33.000000        0.0000000 
       0.0000000        8500.0000        57.682000        8.0000000 
       69.000000        0.0000000 
       30.000000        12500.000        59.235000        15.000000 
       26.000000        0.0000000 
       0.0000000        8500.0000        57.682000        8.0000000 
       69.000000        0.0000000 
       20.000000        30000.000        56.900000        12.000000 
       59.000000        0.0000000 
       20.000000        12500.000        57.677000        12.000000 
       35.000000        0.0000000 
       0.0000000        8500.0000        58.378000        6.0000000 
       54.000000        0.0000000 
       0.0000000        12500.000        55.596000        13.500000 
       28.000000        0.0000000 
       15.000000        20000.000        55.596000        12.000000 
       28.000000        0.0000000 
       30.000000        3500.0000        45.283000        10.000000 
       77.000000        0.0000000 
       0.0000000        20000.000        44.059000        12.000000 
       64.000000        0.0000000 
       40.000000        4500.0000        45.561000        10.000000 
       52.000000        0.0000000 
       30.000000        1500.0000        45.283000        10.000000 
       21.000000        0.0000000 
       0.0000000        30000.000        45.839000        10.000000 
       46.000000        0.0000000 
       0.0000000        20000.000        45.227000        12.000000 
       24.000000        0.0000000 
       30.000000        8500.0000        45.839000        12.000000 
       31.000000        0.0000000 
       0.0000000        8500.0000        44.004000        12.000000 
       26.000000        0.0000000 
       0.0000000        4500.0000        45.784000        10.000000 
       79.000000        0.0000000 
       30.000000        30000.000        46.521000        12.000000 
       53.000000        0.0000000 
       40.000000        12500.000        58.149000        12.000000 
       32.000000        0.0000000 
       0.0000000        5500.0000        60.235000        15.000000 
       21.000000        0.0000000 
       0.0000000        20000.000        58.983000        15.000000 
       18.000000        0.0000000 
       0.0000000        12500.000        59.428000        13.500000 
       30.000000        0.0000000 
       15.000000        20000.000        59.372000        12.000000 
       20.000000        0.0000000 
       40.000000        12500.000        56.904000        8.0000000 
       69.000000        0.0000000 
       20.000000        30000.000        58.053000        8.0000000 
       59.000000        0.0000000 
       30.000000        30000.000        57.069000        12.000000 
       56.000000        0.0000000 
       0.0000000        30000.000        57.179000        18.000000 
       43.000000        0.0000000 
       40.000000        30000.000        57.434000        10.000000 
       40.000000        0.0000000 
       0.0000000        30000.000        58.795000        16.000000 
       37.000000        0.0000000 
       0.0000000        12500.000        58.255000        10.000000 
       36.000000        0.0000000 
       40.000000        30000.000        58.795000        13.500000 
       28.000000        0.0000000 
       0.0000000        30000.000        57.871000        12.000000 
       33.000000        0.0000000 
       0.0000000        20000.000        57.288000        16.000000 
       63.000000        0.0000000 
       20.000000        1500.0000        57.835000        8.0000000 
       51.000000        0.0000000 
       10.000000        30000.000        58.795000        12.000000 
       33.000000        0.0000000 
       0.0000000        30000.000        57.069000        13.500000 
       39.000000        0.0000000 
       20.000000        20000.000        57.762000        12.000000 
       21.000000        0.0000000 
       0.0000000        30000.000        58.255000        13.500000 
       37.000000        0.0000000 
       0.0000000        30000.000        58.885000        18.000000 
       70.000000        0.0000000 
       0.0000000        30000.000        57.871000        12.000000 
       20.000000        0.0000000 
       0.0000000        12500.000        57.069000        16.000000 
       27.000000        0.0000000 
       4.0000000        20000.000        58.885000        16.000000 
       28.000000        0.0000000 
       0.0000000        20000.000        66.761000        16.000000 
       30.000000        0.0000000 
       20.000000        20000.000        65.767000        13.500000 
       52.000000        0.0000000 
       0.0000000        12500.000        65.199000        18.000000 
       24.000000        0.0000000 
       0.0000000        12500.000        65.767000        12.000000 
       71.000000        0.0000000 
       50.000000        20000.000        67.115000        12.000000 
       39.000000        0.0000000 
       10.000000        8500.0000        68.335000        12.000000 
       19.000000        0.0000000 
       0.0000000        20000.000        66.973000        13.500000 
       21.000000        0.0000000 
       0.0000000        3500.0000        67.399000        16.000000 
       33.000000        0.0000000 
       0.0000000        20000.000        66.122000        13.500000 
       51.000000        0.0000000 
       20.000000        30000.000        65.767000        8.0000000 
       54.000000        0.0000000 
       25.000000        20000.000        67.541000        13.500000 
       44.000000        0.0000000 
       0.0000000        30000.000        67.115000        12.000000 
       43.000000        0.0000000 
       0.0000000        5500.0000        65.767000        6.0000000 
       68.000000        0.0000000 
       0.0000000        20000.000        66.761000        12.000000 
       22.000000        0.0000000 
       40.000000        30000.000        65.838000        10.000000 
       54.000000        0.0000000 
       30.000000        30000.000        67.825000        16.000000 
       37.000000        0.0000000 
       15.000000        30000.000        66.548000        13.500000 
       22.000000        0.0000000 
       0.0000000        30000.000        58.381000        18.000000 
       65.000000        1.0000000 
       30.000000        30000.000        60.224000        12.000000 
       30.000000        1.0000000 
       2.0000000        30000.000        60.224000        12.000000 
       19.000000        1.0000000 
       0.0000000        30000.000        60.349000        15.000000 
       35.000000        1.0000000 
       0.0000000        30000.000        59.986000        10.000000 
       59.000000        1.0000000 
       0.0000000        1500.0000        58.202000        12.000000 
       18.000000        1.0000000 
       20.000000        20000.000        58.262000        12.000000 
       44.000000        1.0000000 
       0.0000000        20000.000        58.856000        16.000000 
       37.000000        1.0000000 
       20.000000        12500.000        60.522000        12.000000 
       37.000000        1.0000000 
       0.0000000        500.00000        58.202000        12.000000 
       19.000000        1.0000000 
       0.0000000        20000.000        58.975000        12.000000 
       25.000000        1.0000000 
       20.000000        12500.000        58.916000        16.000000 
       31.000000        1.0000000 
       0.0000000        30000.000        59.986000        12.000000 
       19.000000        1.0000000 
       0.0000000        30000.000        58.499000        10.000000 
       18.000000        1.0000000 
       20.000000        20000.000        59.867000        16.000000 
       28.000000        1.0000000 
       0.0000000        30000.000        58.381000        18.000000 
       46.000000        1.0000000 
       0.0000000        20000.000        58.262000        12.000000 
       27.000000        1.0000000 
       0.0000000        20000.000        57.845000        12.000000 
       58.000000        1.0000000 
       0.0000000        30000.000        60.522000        12.000000 
       19.000000        1.0000000 
       3.0000000        20000.000        60.283000        13.500000 
       30.000000        1.0000000 
       30.000000        30000.000        58.737000        13.500000 
       58.000000        1.0000000 
       10.000000        20000.000        58.024000        6.0000000 
       42.000000        1.0000000 
       0.0000000        30000.000        58.083000        13.500000 
       45.000000        1.0000000 
       14.000000        12500.000        60.436000        10.000000 
       18.000000        1.0000000 
       20.000000        30000.000        60.551000        12.000000 
       40.000000        1.0000000 
       0.0000000        8500.0000        59.986000        13.500000 
       66.000000        1.0000000 
       20.000000        8500.0000        60.224000        12.000000 
       64.000000        1.0000000 
       20.000000        30000.000        59.986000        12.000000 
       43.000000        1.0000000 
       0.0000000        30000.000        60.551000        10.000000 
       53.000000        1.0000000 
       30.000000        30000.000        58.797000        16.000000 
       36.000000        1.0000000 
       20.000000        20000.000        60.493000        13.500000 
       43.000000        1.0000000 
       0.0000000        12500.000        59.570000        18.000000 
       25.000000        1.0000000 
       0.0000000        30000.000        60.464000        12.000000 
       35.000000        1.0000000 
       0.0000000        30000.000        62.102000        16.000000 
       29.000000        1.0000000 
       0.0000000        3500.0000        62.465000        12.000000 
       18.000000        1.0000000 
       0.0000000        12500.000        63.199000        12.000000 
       20.000000        1.0000000 
       0.0000000        30000.000        62.344000        12.000000 
       19.000000        1.0000000 
       0.0000000        30000.000        62.948000        10.000000 
       17.000000        1.0000000 
       20.000000        30000.000        61.498000        18.000000 
       29.000000        1.0000000 
       0.0000000        12500.000        61.458000        8.0000000 
       65.000000        1.0000000 
       0.0000000        20000.000        61.498000        12.000000 
       42.000000        1.0000000 
       0.0000000        30000.000        63.253000        16.000000 
       32.000000        1.0000000 
       0.0000000        30000.000        62.948000        18.000000 
       36.000000        1.0000000 
       0.0000000        30000.000        63.253000        16.000000 
       57.000000        1.0000000 
       0.0000000        12500.000        62.465000        12.000000 
       31.000000        1.0000000 
       0.0000000        20000.000        62.264000        10.000000 
       17.000000        1.0000000 
       0.0000000        20000.000        62.948000        10.000000 
       17.000000        1.0000000 
       8.0000000        20000.000        59.376000        8.0000000 
       45.000000        0.0000000 
       10.000000        30000.000        59.621000        12.000000 
       19.000000        0.0000000 
       0.0000000        5500.0000        54.338000        8.0000000 
       74.000000        0.0000000 
       25.000000        30000.000        53.653000        12.000000 
       46.000000        0.0000000 
       0.0000000        30000.000        54.925000        13.500000 
       27.000000        0.0000000 
       0.0000000        20000.000        56.294000        12.000000 
       66.000000        0.0000000 
       0.0000000        30000.000        54.925000        16.000000 
       44.000000        0.0000000 
       0.0000000        30000.000        55.022000        12.000000 
       33.000000        0.0000000 
       0.0000000        20000.000        54.142000        12.000000 
       64.000000        0.0000000 
       1.0000000        30000.000        57.485000        13.500000 
       54.000000        0.0000000 
       30.000000        12500.000        57.585000        10.000000 
       27.000000        0.0000000 
       0.0000000        4500.0000        57.485000        6.0000000 
       75.000000        0.0000000 
       0.0000000        8500.0000        53.262000        10.000000 
       19.000000        0.0000000 
       20.000000        2500.0000        56.979000        6.0000000 
       69.000000        0.0000000 
       0.0000000        8500.0000        55.707000        12.000000 
       30.000000        0.0000000 
       0.0000000        12500.000        56.098000        12.000000 
       64.000000        0.0000000 
       0.0000000        30000.000        57.336000        13.500000 
       37.000000        0.0000000 
       0.0000000        30000.000        54.436000        12.000000 
       31.000000        0.0000000 
       2.0000000        20000.000        57.585000        12.000000 
       30.000000        0.0000000 
       0.0000000        30000.000        55.015000        6.0000000 
       38.000000        1.0000000 
       0.0000000        30000.000        59.653000        12.000000 
       20.000000        1.0000000 
       20.000000        3500.0000        59.653000        12.000000 
       21.000000        1.0000000 
       0.0000000        12500.000        56.804000        12.000000 
       19.000000        1.0000000 
       0.0000000        12500.000        58.464000        18.000000 
       71.000000        0.0000000 
       18.000000        20000.000        63.103000        10.000000 
       49.000000        0.0000000 
       0.0000000        8500.0000        55.168000        10.000000 
       42.000000        0.0000000 
       10.000000        12500.000        55.007000        8.0000000 
       54.000000        0.0000000 
       20.000000        20000.000        55.168000        13.500000 
       24.000000        0.0000000 
       0.0000000        30000.000        54.322000        12.000000 
       60.000000        0.0000000 
       0.0000000        20000.000        55.168000        12.000000 
       54.000000        0.0000000 
       20.000000        8500.0000        53.879000        10.000000 
       28.000000        0.0000000 
       0.0000000        12500.000        64.994000        8.0000000 
       67.000000        0.0000000 
       40.000000        20000.000        65.550000        12.000000 
       56.000000        0.0000000 
       0.0000000        30000.000        64.048000        16.000000 
       36.000000        0.0000000 
       0.0000000        30000.000        64.438000        12.000000 
       25.000000        0.0000000 
       0.0000000        20000.000        65.828000        13.500000 
       34.000000        0.0000000 
       5.0000000        20000.000        65.605000        10.000000 
       20.000000        0.0000000 
       10.000000        30000.000        64.493000        13.500000 
       21.000000        0.0000000 
       0.0000000        8500.0000        64.938000        12.000000 
       42.000000        0.0000000 
       20.000000        12500.000        64.549000        13.500000 
       28.000000        0.0000000 
       0.0000000        20000.000        65.439000        18.000000 
       29.000000        0.0000000 
       20.000000        5500.0000        64.994000        8.0000000 
       70.000000        0.0000000 
       30.000000        12500.000        66.328000        12.000000 
       32.000000        0.0000000 
       40.000000        30000.000        65.772000        13.500000 
       42.000000        0.0000000 
       30.000000        30000.000        65.161000        10.000000 
       17.000000        0.0000000 
       0.0000000        20000.000        66.784000        12.000000 
       24.000000        0.0000000 
       0.0000000        20000.000        66.328000        15.000000 
       64.000000        0.0000000 
       60.000000        30000.000        65.717000        12.000000 
       57.000000        0.0000000 
       0.0000000        30000.000        64.104000        16.000000 
       51.000000        0.0000000 
       18.000000        12500.000        65.717000        13.500000 
       29.000000        0.0000000 
       20.000000        6500.0000        64.438000        10.000000 
       66.000000        0.0000000 
       15.000000        30000.000        64.382000        13.500000 
       62.000000        0.0000000 
       40.000000        30000.000        66.328000        16.000000 
       29.000000        0.0000000 
       0.0000000        8500.0000        65.605000        6.0000000 
       58.000000        0.0000000 
       0.0000000        20000.000        65.161000        15.000000 
       53.000000        0.0000000 
       0.0000000        30000.000        65.439000        13.500000 
       38.000000        0.0000000 
       0.0000000        20000.000        64.104000        12.000000 
       24.000000        0.0000000 
       0.0000000        20000.000        66.384000        8.0000000 
       59.000000        0.0000000 
       0.0000000        30000.000        66.217000        16.000000 
       30.000000        0.0000000 
       0.0000000        20000.000        64.382000        8.0000000 
       37.000000        0.0000000 
       0.0000000        20000.000        65.995000        12.000000 
       43.000000        0.0000000 
       0.0000000        20000.000        66.162000        12.000000 
       60.000000        0.0000000 
       40.000000        12500.000        64.994000        10.000000 
       24.000000        0.0000000 
       0.0000000        12500.000        64.549000        12.000000 
       60.000000        0.0000000 
       0.0000000        4500.0000        62.040000        8.0000000 
       82.000000        0.0000000 
       0.0000000        20000.000        64.192000        12.000000 
       61.000000        0.0000000 
       0.0000000        30000.000        64.507000        10.000000 
       66.000000        0.0000000 
       0.0000000        30000.000        61.850000        15.000000 
       33.000000        0.0000000 
       19.000000        20000.000        64.564000        10.000000 
       26.000000        0.0000000 
       20.000000        20000.000        64.192000        8.0000000 
       85.000000        0.0000000 
       0.0000000        20000.000        62.104000        13.500000 
       32.000000        0.0000000 
       0.0000000        8500.0000        63.369000        10.000000 
       27.000000        0.0000000 
       20.000000        30000.000        64.129000        12.000000 
       30.000000        0.0000000 
       0.0000000        5500.0000        62.673000        12.000000 
       30.000000        0.0000000 
       0.0000000        30000.000        63.179000        13.500000 
       47.000000        0.0000000 
       0.0000000        6500.0000        61.850000        12.000000 
       18.000000        0.0000000 
       0.0000000        6500.0000        62.420000        12.000000 
       20.000000        0.0000000 
       0.0000000        30000.000        62.547000        18.000000 
       32.000000        0.0000000 
       0.0000000        20000.000        61.977000        18.000000 
       30.000000        0.0000000 
       0.0000000        20000.000        63.686000        10.000000 
       17.000000        0.0000000 
       10.000000        12500.000        62.610000        12.000000 
       22.000000        0.0000000 
       0.0000000        30000.000        61.787000        13.500000 
       43.000000        0.0000000 
       40.000000        20000.000        63.306000        10.000000 
       56.000000        0.0000000 
       0.0000000        6500.0000        61.977000        6.0000000 
       64.000000        0.0000000 
       0.0000000        12500.000        62.926000        6.0000000 
       76.000000        0.0000000 
       30.000000        12500.000        64.002000        12.000000 
       28.000000        0.0000000 
       0.0000000        30000.000        64.651000        18.000000 
       37.000000        0.0000000 
       0.0000000        20000.000        63.622000        15.000000 
       38.000000        0.0000000 
       20.000000        20000.000        62.104000        16.000000 
       52.000000        0.0000000 
       0.0000000        12500.000        63.116000        8.0000000 
       68.000000        0.0000000 
       0.0000000        12500.000        62.926000        12.000000 
       75.000000        0.0000000 
       20.000000        30000.000        61.850000        13.500000 
       54.000000        0.0000000 
       40.000000        30000.000        61.850000        18.000000 
       36.000000        0.0000000 
       0.0000000        4500.0000        62.357000        6.0000000 
       37.000000        0.0000000 
       28.000000        12500.000        62.420000        13.500000 
       23.000000        0.0000000 
       5.0000000        6500.0000        64.192000        6.0000000 
       36.000000        0.0000000 
       0.0000000        30000.000        63.116000        10.000000 
       44.000000        0.0000000 
       0.0000000        20000.000        64.192000        18.000000 
       56.000000        0.0000000 
       0.0000000        12500.000        64.319000        10.000000 
       64.000000        0.0000000 
       28.000000        30000.000        62.990000        13.500000 
       45.000000        0.0000000 
       30.000000        30000.000        61.787000        12.000000 
       56.000000        0.0000000 
       0.0000000        30000.000        63.179000        8.0000000 
       62.000000        0.0000000 
       0.0000000        12500.000        62.800000        15.000000 
       62.000000        0.0000000 
       0.0000000        30000.000        64.564000        16.000000 
       52.000000        0.0000000 
       0.0000000        30000.000        63.116000        10.000000 
       18.000000        0.0000000 
       0.0000000        500.00000        64.065000        12.000000 
       47.000000        0.0000000 
       0.0000000        30000.000        63.179000        18.000000 
       52.000000        0.0000000 
       0.0000000        20000.000        64.129000        12.000000 
       18.000000        0.0000000 
       20.000000        12500.000        64.065000        13.500000 
       26.000000        0.0000000 
       0.0000000        30000.000        64.622000        15.000000 
       22.000000        0.0000000 
       0.0000000        6500.0000        63.116000        6.0000000 
       65.000000        0.0000000 
       20.000000        20000.000        63.876000        12.000000 
       38.000000        0.0000000 
       0.0000000        20000.000        63.053000        13.500000 
       20.000000        0.0000000 
       60.000000        20000.000        62.040000        16.000000 
       41.000000        0.0000000 
       20.000000        20000.000        63.306000        16.000000 
       28.000000        0.0000000 
       0.0000000        20000.000        62.926000        16.000000 
       57.000000        0.0000000 
       7.0000000        8500.0000        63.179000        10.000000 
       44.000000        0.0000000 
       0.0000000        20000.000        64.478000        13.500000 
       32.000000        0.0000000 
       15.000000        8500.0000        64.129000        13.500000 
       22.000000        0.0000000 
       0.0000000        30000.000        64.382000        16.000000 
       30.000000        0.0000000 
       0.0000000        12500.000        62.420000        16.000000 
       30.000000        0.0000000 
       40.000000        20000.000        63.053000        10.000000 
       59.000000        0.0000000 
       0.0000000        8500.0000        64.002000        6.0000000 
       42.000000        0.0000000 
       20.000000        12500.000        63.433000        10.000000 
       31.000000        0.0000000 
       0.0000000        20000.000        63.369000        12.000000 
       39.000000        0.0000000 
       0.0000000        12500.000        63.686000        8.0000000 
       65.000000        0.0000000 
       10.000000        12500.000        62.104000        10.000000 
       78.000000        0.0000000 
       0.0000000        4500.0000        63.622000        10.000000 
       17.000000        0.0000000 
       0.0000000        30000.000        63.559000        18.000000 
       34.000000        0.0000000 
       0.0000000        30000.000        64.651000        16.000000 
       39.000000        0.0000000 
       0.0000000        12500.000        62.800000        10.000000 
       49.000000        0.0000000 
       0.0000000        30000.000        64.192000        12.000000 
       51.000000        0.0000000 
       0.0000000        20000.000        61.850000        12.000000 
       19.000000        0.0000000 
       30.000000        20000.000        63.559000        12.000000 
       26.000000        0.0000000 
       0.0000000        6500.0000        62.293000        12.000000 
       82.000000        0.0000000 
       10.000000        3500.0000        64.129000        12.000000 
       38.000000        0.0000000 
       30.000000        20000.000        62.800000        12.000000 
       32.000000        0.0000000 
       30.000000        3500.0000        61.724000        10.000000 
       27.000000        0.0000000 
       0.0000000        20000.000        64.564000        12.000000 
       35.000000        0.0000000 
       0.0000000        20000.000        63.749000        10.000000 
       54.000000        0.0000000 
       20.000000        30000.000        61.977000        12.000000 
       37.000000        0.0000000 
       10.000000        12500.000        64.651000        10.000000 
       60.000000        0.0000000 
       11.000000        30000.000        63.433000        10.000000 
       17.000000        0.0000000 
       40.000000        20000.000        64.564000        16.000000 
       28.000000        0.0000000 
       40.000000        12500.000        62.167000        8.0000000 
       35.000000        0.0000000 
       20.000000        8500.0000        64.002000        10.000000 
       40.000000        0.0000000 
       0.0000000        3500.0000        64.129000        6.0000000 
       24.000000        0.0000000 
       0.0000000        30000.000        63.749000        18.000000 
       41.000000        0.0000000 
       0.0000000        20000.000        61.787000        8.0000000 
       47.000000        0.0000000 
       0.0000000        6500.0000        46.314000        13.500000 
       22.000000        0.0000000 
       0.0000000        20000.000        44.726000        18.000000 
       29.000000        0.0000000 
       30.000000        30000.000        44.381000        10.000000 
       17.000000        0.0000000 
       40.000000        30000.000        47.648000        13.500000 
       40.000000        0.0000000 
       10.000000        8500.0000        46.314000        13.500000 
       32.000000        0.0000000 
       0.0000000        30000.000        47.004000        13.500000 
       47.000000        0.0000000 
       20.000000        20000.000        46.659000        10.000000 
       58.000000        0.0000000 
       0.0000000        30000.000        44.450000        18.000000 
       74.000000        0.0000000 
       20.000000        30000.000        47.492000        12.000000 
       49.000000        0.0000000 
       0.0000000        5500.0000        47.211000        6.0000000 
       69.000000        0.0000000 
       0.0000000        12500.000        47.211000        16.000000 
       25.000000        0.0000000 
       0.0000000        1500.0000        45.278000        6.0000000 
       71.000000        0.0000000 
       1.0000000        6500.0000        57.352000        12.000000 
       66.000000        0.0000000 
       20.000000        12500.000        57.490000        10.000000 
       25.000000        0.0000000 
       0.0000000        20000.000        59.151000        10.000000 
       50.000000        0.0000000 
       0.0000000        2500.0000        57.030000        13.500000 
       19.000000        0.0000000 
       3.0000000        3500.0000        57.168000        6.0000000 
       28.000000        0.0000000 
       0.0000000        12500.000        58.996000        15.000000 
       22.000000        0.0000000 
       20.000000        30000.000        58.088000        13.500000 
       49.000000        0.0000000 
       20.000000        20000.000        57.536000        12.000000 
       39.000000        0.0000000 
       9.0000000        3500.0000        58.641000        10.000000 
       19.000000        0.0000000 
       0.0000000        30000.000        57.812000        12.000000 
       60.000000        0.0000000 
       18.000000        20000.000        58.181000        18.000000 
       37.000000        0.0000000 
       0.0000000        12500.000        58.088000        12.000000 
       62.000000        0.0000000 
       0.0000000        1500.0000        58.892000        12.000000 
       20.000000        0.0000000 
       1.0000000        4500.0000        58.135000        16.000000 
       23.000000        0.0000000 
       60.000000        20000.000        56.846000        10.000000 
       45.000000        0.0000000 
       40.000000        30000.000        57.398000        12.000000 
       28.000000        0.0000000 
       6.0000000        30000.000        59.151000        12.000000 
       20.000000        0.0000000 
       0.0000000        20000.000        58.319000        12.000000 
       51.000000        0.0000000 
       0.0000000        6500.0000        57.398000        12.000000 
       62.000000        0.0000000 
       0.0000000        30000.000        59.048000        12.000000 
       55.000000        0.0000000 
       0.0000000        12500.000        58.181000        16.000000 
       26.000000        0.0000000 
       10.000000        20000.000        58.088000        12.000000 
       41.000000        0.0000000 
       0.0000000        12500.000        58.227000        13.500000 
       67.000000        0.0000000 
       20.000000        30000.000        57.398000        10.000000 
       19.000000        0.0000000 
       0.0000000        20000.000        56.754000        18.000000 
       33.000000        0.0000000 
       0.0000000        12500.000        57.398000        18.000000 
       29.000000        0.0000000 
       20.000000        20000.000        57.444000        12.000000 
       49.000000        0.0000000 
       20.000000        3500.0000        59.048000        12.000000 
       29.000000        0.0000000 
       0.0000000        20000.000        58.841000        15.000000 
       32.000000        0.0000000 
       60.000000        30000.000        57.812000        16.000000 
       31.000000        0.0000000 
       50.000000        20000.000        57.904000        10.000000 
       17.000000        0.0000000 
       0.0000000        20000.000        57.536000        13.500000 
       33.000000        0.0000000 
       0.0000000        12500.000        58.737000        12.000000 
       21.000000        0.0000000 
       30.000000        20000.000        58.319000        10.000000 
       59.000000        0.0000000 
       20.000000        30000.000        56.984000        13.500000 
       25.000000        0.0000000 
       60.000000        30000.000        57.398000        8.0000000 
       32.000000        0.0000000 
       0.0000000        20000.000        58.411000        12.000000 
       25.000000        0.0000000 
       40.000000        6500.0000        58.737000        13.500000 
       61.000000        0.0000000 
       0.0000000        30000.000        58.892000        18.000000 
       66.000000        0.0000000 
       25.000000        12500.000        57.398000        10.000000 
       22.000000        0.0000000 
       10.000000        6500.0000        57.490000        12.000000 
       24.000000        0.0000000 
       0.0000000        30000.000        58.135000        18.000000 
       43.000000        0.0000000 
       0.0000000        20000.000        59.048000        12.000000 
       51.000000        0.0000000 
       0.0000000        30000.000        57.812000        16.000000 
       45.000000        0.0000000 
       0.0000000        20000.000        58.841000        12.000000 
       45.000000        0.0000000 
       0.0000000        8500.0000        57.398000        18.000000 
       66.000000        0.0000000 
       0.0000000        30000.000        58.892000        12.000000 
       38.000000        0.0000000 
       30.000000        20000.000        56.846000        10.000000 
       49.000000        0.0000000 
       1.0000000        8500.0000        57.444000        13.500000 
       29.000000        0.0000000 
       33.000000        30000.000        56.846000        16.000000 
       45.000000        0.0000000 
       80.000000        30000.000        60.873000        18.000000 
       43.000000        0.0000000 
       0.0000000        30000.000        61.156000        12.000000 
       49.000000        0.0000000 
       0.0000000        30000.000        62.718000        13.500000 
       20.000000        0.0000000 
       20.000000        20000.000        63.273000        13.500000 
       41.000000        0.0000000 
       0.0000000        20000.000        58.460000        12.000000 
       31.000000        0.0000000 
       0.0000000        12500.000        60.021000        13.500000 
       28.000000        0.0000000 
       0.0000000        12500.000        59.028000        12.000000 
       36.000000        0.0000000 
       0.0000000        20000.000        54.429000        18.000000 
       37.000000        0.0000000 
       0.0000000        500.00000        53.344000        12.000000 
       18.000000        0.0000000 
       0.0000000        2500.0000        52.579000        15.000000 
       22.000000        0.0000000 
       0.0000000        20000.000        52.700000        18.000000 
       33.000000        0.0000000 
       0.0000000        4500.0000        53.143000        10.000000 
       76.000000        0.0000000 
       0.0000000        20000.000        52.700000        13.500000 
       34.000000        0.0000000 
       0.0000000        2500.0000        60.786000        13.500000 
       78.000000        0.0000000 
       15.000000        3500.0000        60.974000        12.000000 
       31.000000        0.0000000 
       0.0000000        12500.000        61.269000        10.000000 
       42.000000        0.0000000 
       10.000000        5500.0000        61.216000        18.000000 
       32.000000        0.0000000 
       0.0000000        12500.000        60.746000        8.0000000 
       80.000000        0.0000000 
       10.000000        8500.0000        61.751000        12.000000 
       40.000000        0.0000000 
       0.0000000        30000.000        61.242000        16.000000 
       53.000000        0.0000000 
       0.0000000        12500.000        60.826000        6.0000000 
       82.000000        0.0000000 
       11.000000        8500.0000        61.055000        6.0000000 
       18.000000        0.0000000 
       10.000000        12500.000        61.081000        8.0000000 
       46.000000        0.0000000 
       0.0000000        20000.000        61.202000        12.000000 
       60.000000        0.0000000 
       0.0000000        6500.0000        61.684000        8.0000000 
       78.000000        0.0000000 
       0.0000000        30000.000        60.947000        12.000000 
       47.000000        0.0000000 
       0.0000000        30000.000        60.813000        10.000000 
       17.000000        0.0000000 
       2.0000000        20000.000        60.759000        12.000000 
       27.000000        0.0000000 
       0.0000000        30000.000        61.242000        18.000000 
       48.000000        0.0000000 
       0.0000000        30000.000        61.028000        18.000000 
       39.000000        0.0000000 
       0.0000000        30000.000        61.229000        12.000000 
       25.000000        0.0000000 
       10.000000        3500.0000        61.885000        12.000000 
       30.000000        0.0000000 
       0.0000000        20000.000        60.746000        18.000000 
       59.000000        0.0000000 
       0.0000000        30000.000        61.041000        16.000000 
       47.000000        0.0000000 
       20.000000        8500.0000        61.189000        12.000000 
       32.000000        0.0000000 
       20.000000        20000.000        61.189000        10.000000 
       17.000000        0.0000000 
       0.0000000        30000.000        60.786000        13.500000 
       23.000000        0.0000000 
       0.0000000        12500.000        61.256000        12.000000 
       20.000000        0.0000000 
       0.0000000        20000.000        60.974000        13.500000 
       32.000000        0.0000000 
       10.000000        30000.000        61.001000        13.500000 
       19.000000        0.0000000 
       0.0000000        20000.000        61.095000        12.000000 
       23.000000        0.0000000 
       0.0000000        6500.0000        61.229000        10.000000 
       18.000000        0.0000000 
       30.000000        20000.000        61.229000        12.000000 
       54.000000        0.0000000 
       20.000000        20000.000        60.947000        12.000000 
       65.000000        0.0000000 
       0.0000000        6500.0000        60.974000        8.0000000 
       55.000000        0.0000000 
       30.000000        30000.000        61.001000        12.000000 
       29.000000        0.0000000 
       8.0000000        5500.0000        61.885000        12.000000 
       19.000000        0.0000000 
       0.0000000        12500.000        60.786000        16.000000 
       27.000000        0.0000000 
       35.000000        12500.000        61.256000        12.000000 
       26.000000        0.0000000 
       20.000000        30000.000        61.189000        10.000000 
       59.000000        0.0000000 
       0.0000000        20000.000        60.732000        12.000000 
       25.000000        0.0000000 
       0.0000000        12500.000        61.041000        16.000000 
       78.000000        0.0000000 
       20.000000        6500.0000        60.826000        6.0000000 
       69.000000        0.0000000 
       0.0000000        20000.000        61.216000        10.000000 
       58.000000        0.0000000 
       0.0000000        12500.000        51.000000        15.000000 
       24.000000        0.0000000 
       0.0000000        12500.000        51.000000        12.000000 
       54.000000        0.0000000 
       0.0000000        20000.000        51.000000        12.000000 
       48.000000        0.0000000 
       30.000000        30000.000        51.040000        12.000000 
       59.000000        0.0000000 
       40.000000        20000.000        51.040000        10.000000 
       38.000000        0.0000000 
       0.0000000        30000.000        50.919000        16.000000 
       29.000000        0.0000000 
       50.000000        12500.000        51.443000        12.000000 
       33.000000        0.0000000 
       0.0000000        2500.0000        51.000000        6.0000000 
       32.000000        0.0000000 
       0.0000000        30000.000        57.982000        18.000000 
       36.000000        0.0000000 
       20.000000        30000.000        59.996000        6.0000000 
       49.000000        0.0000000 
       0.0000000        20000.000        58.040000        16.000000 
       69.000000        0.0000000 
       20.000000        30000.000        60.868000        12.000000 
       18.000000        0.0000000 
       0.0000000        20000.000        57.982000        18.000000 
       72.000000        0.0000000 
       40.000000        12500.000        60.803000        18.000000 
       35.000000        0.0000000 
       0.0000000        1500.0000        58.788000        8.0000000 
       71.000000        0.0000000 
       0.0000000        30000.000        58.615000        13.500000 
       47.000000        0.0000000 
       0.0000000        500.00000        58.442000        12.000000 
       20.000000        0.0000000 
       0.0000000        20000.000        60.168000        12.000000 
       43.000000        0.0000000 
       0.0000000        4500.0000        60.347000        12.000000 
       65.000000        0.0000000 
       10.000000        2500.0000        60.226000        8.0000000 
       23.000000        0.0000000 
       40.000000        30000.000        59.996000        12.000000 
       44.000000        0.0000000 
       0.0000000        20000.000        63.989000        13.500000 
       28.000000        0.0000000 
       0.0000000        20000.000        64.235000        18.000000 
       67.000000        0.0000000 
       0.0000000        12500.000        62.858000        13.500000 
       32.000000        0.0000000 
       0.0000000        20000.000        63.519000        8.0000000 
       37.000000        0.0000000 
       4.0000000        12500.000        63.928000        13.500000 
       32.000000        0.0000000 
       0.0000000        20000.000        63.577000        6.0000000 
       57.000000        0.0000000 
       30.000000        20000.000        63.145000        10.000000 
       55.000000        0.0000000 
       0.0000000        30000.000        63.663000        12.000000 
       31.000000        0.0000000 
       0.0000000        30000.000        63.088000        12.000000 
       57.000000        0.0000000 
       0.0000000        30000.000        63.744000        13.500000 
       54.000000        0.0000000 
       25.000000        20000.000        63.989000        16.000000 
       24.000000        0.0000000 
       0.0000000        12500.000        63.692000        13.500000 
       33.000000        0.0000000 
       0.0000000        30000.000        62.829000        16.000000 
       49.000000        0.0000000 
       0.0000000        12500.000        63.548000        10.000000 
       19.000000        0.0000000 
       20.000000        8500.0000        62.570000        16.000000 
       50.000000        0.0000000 
       0.0000000        30000.000        62.829000        18.000000 
       58.000000        0.0000000 
       0.0000000        20000.000        62.973000        10.000000 
       65.000000        0.0000000 
       0.0000000        8500.0000        64.235000        10.000000 
       18.000000        0.0000000 
       20.000000        30000.000        63.232000        12.000000 
       31.000000        0.0000000 
       0.0000000        20000.000        62.829000        12.000000 
       34.000000        0.0000000 
       0.0000000        30000.000        63.490000        12.000000 
       55.000000        0.0000000 
       0.0000000        12500.000        63.260000        16.000000 
       28.000000        0.0000000 
       20.000000        8500.0000        62.541000        12.000000 
       65.000000        0.0000000 
       15.000000        5500.0000        63.928000        8.0000000 
       68.000000        0.0000000 
       0.0000000        30000.000        62.829000        13.500000 
       29.000000        0.0000000 
       10.000000        20000.000        62.656000        12.000000 
       29.000000        0.0000000 
       0.0000000        8500.0000        62.858000        12.000000 
       61.000000        0.0000000 
       0.0000000        30000.000        63.375000        16.000000 
       45.000000        0.0000000 
       0.0000000        20000.000        63.318000        15.000000 
       66.000000        0.0000000 
       0.0000000        30000.000        63.548000        12.000000 
       18.000000        0.0000000 
       40.000000        30000.000        62.685000        16.000000 
       44.000000        0.0000000 
       0.0000000        20000.000        62.742000        12.000000 
       41.000000        0.0000000 
       0.0000000        8500.0000        62.829000        6.0000000 
       31.000000        0.0000000 
       40.000000        4500.0000        63.577000        12.000000 
       61.000000        0.0000000 
       0.0000000        20000.000        63.232000        10.000000 
       29.000000        0.0000000 
       12.000000        3500.0000        62.570000        13.500000 
       70.000000        0.0000000 
       20.000000        5500.0000        63.692000        6.0000000 
       49.000000        0.0000000 
       0.0000000        20000.000        62.886000        16.000000 
       35.000000        0.0000000 
       15.000000        20000.000        63.203000        12.000000 
       28.000000        0.0000000 
       0.0000000        20000.000        63.548000        12.000000 
       30.000000        0.0000000 
       0.0000000        12500.000        63.989000        13.500000 
       23.000000        0.0000000 
       0.0000000        20000.000        62.771000        12.000000 
       35.000000        0.0000000 
       0.0000000        8500.0000        63.260000        12.000000 
       24.000000        0.0000000 
       0.0000000        30000.000        63.663000        16.000000 
       22.000000        0.0000000 
       0.0000000        30000.000        63.663000        10.000000 
       49.000000        0.0000000 
       30.000000        30000.000        63.232000        12.000000 
       38.000000        0.0000000 
       0.0000000        30000.000        56.174000        12.000000 
       22.000000        1.0000000 
       0.0000000        20000.000        56.510000        16.000000 
       45.000000        1.0000000 
       0.0000000        30000.000        56.174000        18.000000 
       39.000000        1.0000000 
       0.0000000        12500.000        54.630000        15.000000 
       61.000000        1.0000000 
       0.0000000        30000.000        54.764000        12.000000 
       19.000000        1.0000000 
       0.0000000        20000.000        56.174000        18.000000 
       36.000000        1.0000000 
       0.0000000        30000.000        54.764000        10.000000 
       21.000000        1.0000000 
       0.0000000        30000.000        54.630000        16.000000 
       38.000000        1.0000000 
       0.0000000        30000.000        46.932000        12.000000 
       39.000000        0.0000000 
       0.0000000        20000.000        47.035000        18.000000 
       29.000000        0.0000000 
       0.0000000        30000.000        48.798000        13.500000 
       44.000000        0.0000000 
       10.000000        30000.000        46.310000        12.000000 
       46.000000        0.0000000 
       0.0000000        30000.000        47.657000        13.500000 
       26.000000        0.0000000 
       0.0000000        20000.000        48.071000        13.500000 
       30.000000        0.0000000 
       40.000000        20000.000        47.346000        12.000000 
       47.000000        0.0000000 
       0.0000000        20000.000        48.545000        6.0000000 
       64.000000        0.0000000 
       5.0000000        20000.000        47.501000        12.000000 
       18.000000        0.0000000 
       20.000000        12500.000        47.346000        12.000000 
       37.000000        0.0000000 
       0.0000000        12500.000        47.605000        10.000000 
       67.000000        0.0000000 
       20.000000        20000.000        47.812000        10.000000 
       29.000000        0.0000000 
       5.0000000        30000.000        46.466000        18.000000 
       60.000000        0.0000000 
       0.0000000        20000.000        46.776000        12.000000 
       39.000000        0.0000000 
       15.000000        20000.000        46.310000        13.500000 
       59.000000        0.0000000 
       0.0000000        1500.0000        46.518000        6.0000000 
       75.000000        0.0000000 
       15.000000        30000.000        48.545000        12.000000 
       19.000000        0.0000000 
       6.0000000        20000.000        63.450000        13.500000 
       27.000000        0.0000000 
       0.0000000        20000.000        62.227000        13.500000 
       62.000000        0.0000000 
       20.000000        30000.000        63.113000        12.000000 
       63.000000        0.0000000 
       0.0000000        30000.000        63.408000        12.000000 
       60.000000        0.0000000 
       20.000000        30000.000        62.860000        12.000000 
       46.000000        0.0000000 
       0.0000000        6500.0000        62.227000        12.000000 
       28.000000        0.0000000 
       15.000000        20000.000        62.227000        13.500000 
       20.000000        0.0000000 
       0.0000000        20000.000        63.366000        12.000000 
       50.000000        0.0000000 
       0.0000000        30000.000        62.100000        15.000000 
       43.000000        0.0000000 
       55.000000        30000.000        63.366000        12.000000 
       45.000000        0.0000000 
       0.0000000        6500.0000        63.282000        12.000000 
       62.000000        0.0000000 
       12.000000        4500.0000        63.282000        6.0000000 
       70.000000        0.0000000 
       0.0000000        12500.000        64.161000        12.000000 
       58.000000        0.0000000 
       0.0000000        30000.000        64.107000        12.000000 
       21.000000        0.0000000 
       0.0000000        1500.0000        63.028000        13.500000 
       27.000000        0.0000000 
       0.0000000        30000.000        64.214000        18.000000 
       47.000000        0.0000000 
       0.0000000        12500.000        63.999000        10.000000 
       68.000000        0.0000000 
       2.0000000        30000.000        63.282000        10.000000 
       17.000000        0.0000000 
       0.0000000        20000.000        62.227000        16.000000 
       35.000000        0.0000000 
       0.0000000        30000.000        62.691000        12.000000 
       37.000000        0.0000000 
       20.000000        20000.000        63.838000        16.000000 
       30.000000        0.0000000 
       0.0000000        30000.000        63.408000        10.000000 
       19.000000        0.0000000 
       30.000000        12500.000        63.493000        12.000000 
       54.000000        0.0000000 
       10.000000        30000.000        63.838000        12.000000 
       41.000000        0.0000000 
       0.0000000        30000.000        62.227000        12.000000 
       34.000000        0.0000000 
       20.000000        6500.0000        62.691000        13.500000 
       28.000000        0.0000000 
       30.000000        20000.000        62.185000        13.500000 
       26.000000        0.0000000 
       0.0000000        30000.000        62.480000        12.000000 
       18.000000        0.0000000 
       0.0000000        20000.000        62.868000        12.000000 
       19.000000        0.0000000 
       0.0000000        20000.000        61.251000        6.0000000 
       29.000000        0.0000000 
       15.000000        12500.000        59.988000        8.0000000 
       60.000000        0.0000000 
       0.0000000        20000.000        61.393000        18.000000 
       50.000000        0.0000000 
       40.000000        20000.000        60.707000        12.000000 
       52.000000        0.0000000 
       5.0000000        30000.000        61.251000        15.000000 
       22.000000        0.0000000 
       40.000000        20000.000        60.036000        10.000000 
       38.000000        0.0000000 
       0.0000000        12500.000        60.227000        10.000000 
       63.000000        0.0000000 
       0.0000000        12500.000        60.995000        16.000000 
       23.000000        0.0000000 
       20.000000        30000.000        61.818000        18.000000 
       52.000000        0.0000000 
       0.0000000        12500.000        61.676000        18.000000 
       31.000000        0.0000000 
       0.0000000        20000.000        60.707000        16.000000 
       30.000000        0.0000000 
       0.0000000        20000.000        59.988000        10.000000 
       18.000000        0.0000000 
       20.000000        30000.000        59.652000        10.000000 
       47.000000        0.0000000 
