
       197.00000        75211.000        11537.000        20.346760 
       1.0000000        80.000000 
       342.00000        77759.000        19568.000        23.170310 
       1.0000000        90.000000 
       323.00000        106743.00        19841.000        21.043070 
       2.0000000        80.000000 
       496.00000        141865.00        31885.000        20.984030 
       2.0000000        90.000000 
       216.00000        36608.000        11455.000        32.361780 
       3.0000000        80.000000 
       351.00000        42099.000        21202.000        24.383000 
       3.0000000        90.000000 
       267.00000        36640.000        14682.000        37.731990 
       4.0000000        80.000000 
       588.00000        46209.000        29044.000        39.327840 
       4.0000000        90.000000 
       475.00000        62134.000        31300.000        13.157050 
       5.0000000        80.000000 
       925.00000        110330.00        56307.000        16.500500 
       5.0000000        90.000000 
       276.00000        118550.00        16291.000        10.310420 
       6.0000000        80.000000 
       630.00000        132605.00        35103.000        11.456580 
       6.0000000        90.000000 
       302.00000        76685.000        16744.000        27.024840 
       7.0000000        80.000000 
       521.00000        83312.000        29407.000        29.778420 
       7.0000000        90.000000 
       257.00000        65092.000        15773.000        26.322740 
       8.0000000        80.000000 
       422.00000        87758.000        26826.000        24.359030 
       8.0000000        90.000000 
       253.00000        126109.00        11683.000        12.694570 
       9.0000000        80.000000 
       568.00000        130474.00        25811.000        14.571490 
       9.0000000        90.000000 
       242.00000        81371.000        12586.000        30.143420 
       10.000000        80.000000 
       383.00000        84770.000        21077.000        30.703080 
       10.000000        90.000000 
       228.00000        81548.000        11750.000        27.879290 
       11.000000        80.000000 
       444.00000        124773.00        23453.000        27.233460 
       11.000000        90.000000 
       187.00000        42549.000        10018.000        34.931490 
       12.000000        80.000000 
       347.00000        45734.000        14286.000        40.223900 
       12.000000        90.000000 
       243.00000        58133.000        14894.000        33.598820 
       13.000000        80.000000 
       422.00000        63502.000        22967.000        33.180060 
       13.000000        90.000000 
       336.00000        73706.000        21715.000        16.572600 
       14.000000        80.000000 
       636.00000        73233.000        22346.000        20.328270 
       14.000000        90.000000 
       210.00000        52044.000        10933.000        49.417800 
       15.000000        80.000000 
       403.00000        60633.000        18393.000        49.289990 
       15.000000        90.000000 
       195.00000        77216.000        13459.000        17.636240 
       16.000000        80.000000 
       325.00000        71305.000        19353.000        22.156930 
       16.000000        90.000000 
       251.00000        45775.000        16104.000        44.707810 
       17.000000        80.000000 
       404.00000        47198.000        24636.000        45.796430 
       17.000000        90.000000 
       234.00000        50508.000        14417.000        36.229900 
       18.000000        80.000000 
       414.00000        59738.000        24565.000        39.351840 
       18.000000        90.000000 
       248.00000        52738.000        13180.000        36.611170 
       19.000000        80.000000 
       415.00000        65608.000        22900.000        34.306790 
       19.000000        90.000000 
       224.00000        32644.000        13030.000        28.345180 
       20.000000        80.000000 
       396.00000        37712.000        21531.000        32.411430 
       20.000000        90.000000 
       194.00000        40450.000        12195.000        21.139680 
       21.000000        80.000000 
       332.00000        40641.000        20043.000        17.435590 
       21.000000        90.000000 
       239.00000        219419.00        15158.000        11.271590 
       22.000000        80.000000 
       354.00000        219531.00        21898.000        13.361670 
       22.000000        90.000000 
       257.00000        95322.000        14211.000        24.551520 
       23.000000        80.000000 
       538.00000        95802.000        33140.000        25.431620 
       23.000000        90.000000 
       248.00000        51392.000        15000.000        62.828850 
       24.000000        80.000000 
       451.00000        50677.000        24719.000        63.231840 
       24.000000        90.000000 
       232.00000        79722.000        14620.000        21.750580 
       25.000000        80.000000 
       403.00000        80277.000        23207.000        22.859600 
       25.000000        90.000000 
       309.00000        107966.00        18316.000        32.999280 
       26.000000        80.000000 
       568.00000        109592.00        33344.000        32.916640 
       26.000000        90.000000 
       238.00000        42566.000        15367.000        20.135790 
       27.000000        80.000000 
       399.00000        48812.000        24004.000        24.356720 
       27.000000        90.000000 
       197.00000        40829.000        10983.000        18.104780 
       28.000000        80.000000 
       304.00000        41882.000        21174.000        20.779810 
       28.000000        90.000000 
       236.00000        62061.000        13651.000        35.774480 
       29.000000        80.000000 
       382.00000        69101.000        22059.000        32.077680 
       29.000000        90.000000 
       231.00000        171932.00        17094.000        14.536560 
       30.000000        80.000000 
       379.00000        191972.00        28056.000        15.427250 
       30.000000        90.000000 
       215.00000        45086.000        13593.000        12.520520 
       31.000000        80.000000 
       366.00000        62126.000        23648.000        14.489910 
       31.000000        90.000000 
       230.00000        28732.000        10294.000        49.328270 
       32.000000        80.000000 
       493.00000        29541.000        25152.000        55.384040 
       32.000000        90.000000 
       212.00000        101727.00        12511.000        14.339360 
       33.000000        80.000000 
       456.00000        101082.00        17738.000        17.446230 
       33.000000        90.000000 
       210.00000        170105.00        12321.000        12.427030 
       34.000000        80.000000 
       409.00000        163860.00        21242.000        14.465400 
       34.000000        90.000000 
       256.00000        32421.000        15744.000        44.224420 
       35.000000        80.000000 
       489.00000        38719.000        30489.000        39.667860 
       35.000000        90.000000 
       225.00000        100831.00        12845.000        14.740510 
       36.000000        80.000000 
       440.00000        136611.00        24354.000        13.531850 
       36.000000        90.000000 
       255.00000        150255.00        17022.000        10.980000 
       37.000000        80.000000 
       479.00000        207951.00        32451.000        14.011950 
       37.000000        90.000000 
       231.00000        35740.000        13471.000        29.275320 
       38.000000        80.000000 
       374.00000        44972.000        12206.000        27.728360 
       38.000000        90.000000 
       228.00000        61383.000        17065.000        13.902870 
       39.000000        80.000000 
       355.00000        74111.000        25326.000        16.108270 
       39.000000        90.000000 
       216.00000        43765.000        16009.000        18.185760 
       40.000000        80.000000 
       367.00000        49425.000        25456.000        21.232170 
       40.000000        90.000000 
       252.00000        25728.000        13521.000        53.595310 
       41.000000        80.000000 
       393.00000        28176.000        21766.000        51.086030 
       41.000000        90.000000 
       248.00000        26164.000        13891.000        38.335120 
       42.000000        80.000000 
       401.00000        28835.000        21463.000        43.735040 
       42.000000        90.000000 
       244.00000        68020.000        15555.000        24.535430 
       43.000000        80.000000 
       362.00000        80071.000        25165.000        22.169080 
       43.000000        90.000000 
       219.00000        38268.000        11102.000        47.292780 
       44.000000        80.000000 
       354.00000        36676.000        18501.000        40.822330 
       44.000000        90.000000 
       245.00000        40960.000        13621.000        39.238280 
       45.000000        80.000000 
       385.00000        44757.000        23212.000        35.462610 
       45.000000        90.000000 
       249.00000        105624.00        14959.000        18.157800 
       46.000000        80.000000 
       425.00000        112669.00        25369.000        19.029190 
       46.000000        90.000000 
       225.00000        564871.00        14834.000        10.356170 
       47.000000        80.000000 
       422.00000        632910.00        26651.000        11.699450 
       47.000000        90.000000 
       266.00000        36130.000        9771.0000        67.417660 
       48.000000        80.000000 
       490.00000        38923.000        18257.000        71.209820 
       48.000000        90.000000 
       203.00000        101208.00        12393.000        17.119200 
       49.000000        80.000000 
       392.00000        98052.000        23216.000        17.655940 
       49.000000        90.000000 
       203.00000        175030.00        11971.000        13.027480 
       50.000000        80.000000 
       332.00000        165121.00        19923.000        13.083740 
       50.000000        90.000000 
       226.00000        32845.000        14295.000        19.774700 
       51.000000        80.000000 
       388.00000        44922.000        26394.000        18.244960 
       51.000000        90.000000 
       282.00000        37272.000        9789.0000        60.514600 
       52.000000        80.000000 
       428.00000        52456.000        9262.0000        59.501300 
       52.000000        90.000000 
       245.00000        173979.00        15732.000        13.448170 
       53.000000        80.000000 
       381.00000        186206.00        24130.000        15.210040 
       53.000000        90.000000 
       194.00000        27149.000        11713.000        28.203620 
       54.000000        80.000000 
       346.00000        30872.000        15917.000        32.359420 
       54.000000        90.000000 
       207.00000        101261.00        12007.000        12.722570 
       55.000000        80.000000 
       353.00000        103590.00        17852.000        15.742830 
       55.000000        90.000000 
       198.00000        26844.000        12693.000        29.291460 
       56.000000        80.000000 
       328.00000        32762.000        21312.000        28.178990 
       56.000000        90.000000 
       186.00000        74108.000        12647.000        36.333460 
       57.000000        80.000000 
       336.00000        86835.000        21162.000        35.971670 
       57.000000        90.000000 
       243.00000        37312.000        13048.000        23.314210 
       58.000000        80.000000 
       493.00000        39127.000        25523.000        25.486240 
       58.000000        90.000000 
       268.00000        39916.000        13942.000        22.196610 
       59.000000        80.000000 
       469.00000        40341.000        18592.000        23.938430 
       59.000000        90.000000 
       204.00000        63684.000        12540.000        9.9412730 
       60.000000        80.000000 
       311.00000        54844.000        18276.000        12.787180 
       60.000000        90.000000 
       220.00000        27605.000        10994.000        42.629960 
       61.000000        80.000000 
       355.00000        25879.000        18022.000        45.867310 
       61.000000        90.000000 
       225.00000        51509.000        14457.000        18.656930 
       62.000000        80.000000 
       352.00000        56856.000        24735.000        18.713940 
       62.000000        90.000000 
       220.00000        48347.000        13458.000        18.720910 
       63.000000        80.000000 
       344.00000        51003.000        21947.000        19.530220 
       63.000000        90.000000 
       243.00000        170616.00        16510.000        21.964530 
       64.000000        80.000000 
       472.00000        191262.00        29420.000        23.319320 
       64.000000        90.000000 
