
       15.210000 
       15.800000 
       15.160000 
       14.600000 
       14.340000 
       14.840000 
       15.770000 
       15.460000 
       15.060000 
       15.450000 
       15.270000 
       15.030000 
       14.830000 
       14.100000 
       14.300000 
       15.400000 
       16.150000 
       16.820000 
       16.420000 
       15.940000 
       15.760000 
       16.190000 
       15.290000 
       15.190000 
       15.360000 
       14.770000 
       14.910000 
       14.890000 
       14.780000 
       13.970000 
       14.760000 
       15.290000 
       15.490000 
       15.890000 
       16.110000 
       16.540000 
       16.880000 
       17.210000 
       17.350000 
       17.840000 
       18.440000 
       18.740000 
       17.380000 
       18.430000 
       19.080000 
       19.870000 
       19.830000 
       19.750000 
       21.210000 
       22.000000 
       21.630000 
       21.920000 
       21.930000 
       21.550000 
       21.930000 
       22.890000 
       23.480000 
       23.360000 
       22.710000 
       23.410000 
       24.190000 
       23.750000 
       23.810000 
       23.740000 
       23.730000 
       24.380000 
       25.080000 
       25.180000 
       24.780000 
       24.260000 
       25.030000 
       26.040000 
       26.180000 
       25.860000 
       25.990000 
       24.710000 
       24.840000 
       23.950000 
       24.290000 
       24.390000 
       23.270000 
       23.970000 
       24.500000 
       24.830000 
       25.460000 
       26.020000 
       26.570000 
       27.630000 
       28.730000 
       28.960000 
       30.130000 
       30.730000 
       31.450000 
       32.180000 
       33.440000 
       34.970000 
       35.600000 
       36.790000 
       36.500000 
       37.760000 
       37.600000 
       39.780000 
       42.690000 
       42.430000 
       44.340000 
       42.110000 
       44.950000 
       45.370000 
       44.150000 
       44.430000 
       47.490000 
       48.050000 
       46.540000 
       46.270000 
       48.780000 
       48.490000 
       46.840000 
       46.240000 
       45.760000 
       46.440000 
       45.430000 
       43.470000 
       44.030000 
       45.050000 
       46.780000 
       47.550000 
       48.510000 
       45.840000 
       43.980000 
       41.240000 
       40.350000 
       40.330000 
       41.120000 
       41.260000 
       42.110000 
       42.340000 
       43.700000 
       44.750000 
       45.980000 
       47.700000 
       48.960000 
       50.950000 
       52.500000 
       53.490000 
       55.620000 
       54.770000 
       56.150000 
       57.100000 
       57.960000 
       57.460000 
       59.740000 
       59.400000 
       57.050000 
       57.000000 
       57.230000 
       59.060000 
       58.030000 
       55.780000 
       55.020000 
       55.730000 
       55.220000 
       57.260000 
       55.840000 
       56.510000 
       54.810000 
       53.730000 
       55.470000 
       56.800000 
       59.720000 
       62.170000 
       64.120000 
       65.830000 
       66.500000 
       65.620000 
       65.440000 
       67.790000 
       67.260000 
       68.000000 
       71.080000 
       71.740000 
       69.070000 
       70.220000 
       70.290000 
       68.050000 
       62.990000 
       55.630000 
       56.970000 
       58.520000 
       58.000000 
       56.170000 
       60.040000 
       62.640000 
       65.060000 
       65.920000 
       65.670000 
       68.760000 
       70.140000 
       70.110000 
       69.070000 
       70.980000 
       72.850000 
       73.030000 
       72.620000 
       74.170000 
       76.450000 
       77.390000 
       78.800000 
       79.940000 
       80.720000 
       80.240000 
       83.220000 
       82.000000 
       83.410000 
       84.850000 
       85.440000 
       83.960000 
       86.120000 
       86.750000 
       86.830000 
       87.970000 
       89.280000 
       85.040000 
       84.910000 
       86.490000 
       89.380000 
       91.390000 
       92.150000 
       91.730000 
       93.320000 
       92.690000 
       88.880000 
       91.600000 
       86.780000 
       86.060000 
       85.840000 
       80.650000 
       77.810000 
       77.130000 
       80.990000 
       81.330000 
       84.450000 
       87.360000 
       89.420000 
       90.960000 
       92.590000 
       91.430000 
       93.010000 
       94.490000 
       95.810000 
       95.660000 
       92.660000 
       95.300000 
       95.040000 
       90.750000 
       89.090000 
       95.670000 
       97.870000 
       100.53000 
       100.30000 
       98.110000 
       101.34000 
       103.76000 
       105.40000 
       106.48000 
       102.04000 
       101.46000 
       99.300000 
       101.26000 
       104.62000 
       99.140000 
       94.710000 
       94.180000 
       94.510000 
       95.520000 
       96.210000 
       91.110000 
       90.310000 
       87.160000 
       88.650000 
       85.950000 
       76.060000 
       75.590000 
       75.720000 
       77.920000 
       82.580000 
       84.370000 
       84.280000 
       90.050000 
       93.490000 
       97.110000 
       99.600000 
       103.04000 
       101.64000 
       99.720000 
       99.000000 
       97.240000 
       99.400000 
       97.290000 
       92.780000 
       99.170000 
       103.30000 
       105.24000 
       107.69000 
       108.81000 
       107.65000 
       108.01000 
       107.21000 
       111.01000 
       109.39000 
       109.56000 
       115.05000 
       117.50000 
       118.42000 
       114.16000 
       112.42000 
       110.27000 
       107.22000 
       104.75000 
       105.83000 
       103.80000 
       105.61000 
       109.84000 
       102.03000 
       94.780000 
       96.110000 
       93.450000 
       97.440000 
       92.460000 
       89.670000 
       89.790000 
       82.820000 
       76.030000 
       68.120000 
       69.440000 
       71.740000 
       67.070000 
       72.560000 
       80.100000 
       83.780000 
       84.720000 
       90.100000 
       92.400000 
       92.490000 
       85.710000 
       84.670000 
       88.570000 
       90.070000 
       88.700000 
       96.860000 
       100.64000 
       101.08000 
       101.93000 
       101.16000 
       101.77000 
       104.20000 
       103.29000 
       105.45000 
       101.89000 
       101.19000 
       104.66000 
       103.81000 
       100.96000 
       100.57000 
       99.050000 
       98.760000 
       99.290000 
       100.18000 
       97.750000 
       96.230000 
       93.740000 
       94.280000 
       93.820000 
       90.250000 
       88.980000 
       88.820000 
       92.710000 
       97.410000 
       97.660000 
       97.190000 
       103.92000 
       103.86000 
       100.58000 
       94.710000 
       96.110000 
       99.710000 
       98.230000 
       100.11000 
       102.07000 
       99.730000 
       101.73000 
       102.71000 
       107.36000 
       108.60000 
       104.47000 
       103.66000 
       107.78000 
       110.87000 
       115.34000 
       104.69000 
       102.97000 
       107.69000 
       114.55000 
       119.83000 
       123.50000 
       126.51000 
       130.22000 
       135.65000 
       133.48000 
       132.97000 
       128.40000 
       133.19000 
       134.43000 
       131.73000 
       132.28000 
       129.13000 
       129.63000 
       118.27000 
       119.80000 
       122.92000 
       123.79000 
       117.28000 
       114.50000 
       110.84000 
       116.31000 
       116.35000 
       109.70000 
       109.38000 
       109.65000 
       122.43000 
       132.66000 
       138.10000 
       139.37000 
       144.27000 
       146.80000 
       151.88000 
       157.71000 
       164.10000 
       166.39000 
       166.96000 
       162.42000 
       167.16000 
       167.65000 
       165.23000 
       164.36000 
       166.39000 
       157.25000 
       157.44000 
       157.60000 
       156.55000 
       153.12000 
       151.08000 
       164.42000 
       166.11000 
       164.82000 
       166.27000 
       164.48000 
       171.61000 
       180.88000 
       179.42000 
       180.62000 
       184.90000 
       188.89000 
       192.54000 
       188.31000 
       184.06000 
       186.18000 
       197.45000 
       207.26000 
       208.19000 
       219.37000 
       232.33000 
       237.98000 
       238.46000 
       245.30000 
       240.18000 
       245.00000 
       238.27000 
       237.36000 
       245.09000 
       248.61000 
       264.51000 
       280.93000 
       292.47000 
       289.32000 
       289.12000 
       301.38000 
       310.09000 
       329.36000 
       318.66000 
       280.16000 
       245.01000 
       240.96000 
       250.48000 
       258.13000 
       265.74000 
       262.61000 
       256.12000 
       270.68000 
       269.05000 
       263.73000 
       267.97000 
       277.40000 
       271.02000 
       276.51000 
       285.41000 
       294.01000 
       292.71000 
       302.25000 
       313.93000 
       323.73000 
       331.93000 
       346.61000 
       347.33000 
       347.40000 
       345.99000 
       348.57000 
       339.97000 
       330.45000 
       338.47000 
       338.18000 
       350.25000 
       360.39000 
       360.03000 
       330.75000 
       315.41000 
       307.12000 
       315.29000 
       328.75000 
       325.49000 
       362.26000 
       372.28000 
       379.68000 
       377.99000 
       378.29000 
       380.33000 
       389.40000 
       387.20000 
       386.88000 
       385.92000 
       388.51000 
       416.08000 
       412.56000 
       407.36000 
       407.41000 
       414.81000 
       408.27000 
       415.05000 
       417.93000 
       418.48000 
       412.50000 
       422.84000 
       435.64000 
       435.23000 
       441.70000 
       450.16000 
       443.08000 
       445.25000 
       448.06000 
